NUMBER OF OBSERVATIONS								
1621							
DAY	MONTH	YEAR	RAIN	PE	SOIL_VWC	GWL	ABS	
10	6	2014	0	3.033333333	-9999	-9999	0	
11	6	2014	0	3.033333333	-9999	-9999	0	
12	6	2014	4.10E-05	3.033333333	-9999	-9999	0	
13	6	2014	0.018583858	3.033333333	-9999	-9999	0	
14	6	2014	0.096711442	3.033333333	-9999	-9999	0	
15	6	2014	0.006701908	3.033333333	-9999	-9999	0	
16	6	2014	0.003030024	3.033333333	-9999	-9999	0	
17	6	2014	0.155178592	3.033333333	-9999	-9999	0	
18	6	2014	0.073619589	3.033333333	-9999	-9999	0	
19	6	2014	0.083871841	3.033333333	-9999	-9999	0	
20	6	2014	0	3.033333333	-9999	-9999	0	
21	6	2014	0.072447591	3.033333333	-9999	-9999	0	
22	6	2014	0.000648758	3.033333333	-9999	-9999	0	
23	6	2014	0.566872656	3.033333333	-9999	-9999	0	
24	6	2014	1.188120246	3.033333333	-9999	-9999	0	
25	6	2014	0.016049735	3.033333333	-9999	-9999	0	
26	6	2014	0.880356431	3.033333333	-9999	-9999	0	
27	6	2014	3.908514261	3.033333333	-9999	-9999	0	
28	6	2014	3.683667183	3.033333333	-9999	-9999	0	
29	6	2014	1.548281074	3.033333333	-9999	-9999	0	
30	6	2014	0.011202701	3.033333333	-9999	19.19	0	
1	7	2014	0.013279179	3.641935484	-9999	-9999	0	
2	7	2014	0.000145541	3.641935484	-9999	-9999	0	
3	7	2014	0	3.641935484	-9999	-9999	0	
4	7	2014	3.805217981	3.641935484	-9999	-9999	0	
5	7	2014	0.987409711	3.641935484	-9999	-9999	0	
6	7	2014	1.133571744	3.641935484	-9999	-9999	0	
7	7	2014	0.02150286	3.641935484	-9999	-9999	0	
8	7	2014	2.101423979	3.641935484	-9999	-9999	0	
9	7	2014	0.014559221	3.641935484	-9999	-9999	0	
10	7	2014	8.469242096	3.641935484	-9999	-9999	0	
11	7	2014	0.449109942	3.641935484	-9999	-9999	0	
12	7	2014	14.87711239	3.641935484	-9999	-9999	0	
13	7	2014	18.89786339	3.641935484	-9999	-9999	0	
14	7	2014	0.095023528	3.641935484	-9999	-9999	0	
15	7	2014	0.070627771	3.641935484	-9999	-9999	0	
16	7	2014	0.003115862	3.641935484	-9999	-9999	0	
17	7	2014	1.686160564	3.641935484	-9999	-9999	0	
18	7	2014	3.258098841	3.641935484	-9999	-9999	0	
19	7	2014	2.268735647	3.641935484	-9999	-9999	0	
20	7	2014	1.521300077	3.641935484	-9999	-9999	0	
21	7	2014	0.000119408	3.641935484	-9999	-9999	0	
22	7	2014	0.066976547	3.641935484	-9999	-9999	0	
23	7	2014	0	3.641935484	-9999	-9999	0	
24	7	2014	0.066981688	3.641935484	-9999	-9999	0	
25	7	2014	0.057425577	3.641935484	-9999	-9999	0	
26	7	2014	0.000398402	3.641935484	-9999	-9999	0	
27	7	2014	0.864126742	3.641935484	-9999	-9999	0	
28	7	2014	0.045144528	3.641935484	-9999	-9999	0	
29	7	2014	0.000207157	3.641935484	-9999	-9999	0	
30	7	2014	0.000134425	3.641935484	-9999	-9999	0	
31	7	2014	0.001635922	3.641935484	-9999	-9999	0	
1	8	2014	2.980496168	3.009677419	-9999	-9999	0	
2	8	2014	0.01373333	3.009677419	-9999	-9999	0	
3	8	2014	0	3.009677419	-9999	-9999	0	
4	8	2014	0.10178183	3.009677419	-9999	-9999	0	
5	8	2014	4.842073441	3.009677419	-9999	-9999	0	
6	8	2014	2.915869713	3.009677419	-9999	-9999	0	
7	8	2014	1.705324531	3.009677419	-9999	-9999	0	
8	8	2014	17.43613434	3.009677419	-9999	-9999	0	
9	8	2014	4.392991066	3.009677419	-9999	-9999	0	
10	8	2014	7.174633026	3.009677419	-9999	-9999	0	
11	8	2014	0.252039611	3.009677419	-9999	-9999	0	
12	8	2014	0.03955796	3.009677419	-9999	-9999	0	
13	8	2014	0.015021873	3.009677419	-9999	-9999	0	
14	8	2014	11.64631748	3.009677419	-9999	-9999	0	
15	8	2014	0.374035478	3.009677419	-9999	-9999	0	
16	8	2014	0.000461776	3.009677419	-9999	-9999	0	
17	8	2014	0.37613368	3.009677419	-9999	-9999	0	
18	8	2014	0.768524647	3.009677419	-9999	-9999	0	
19	8	2014	0.185371608	3.009677419	-9999	-9999	0	
20	8	2014	0.010727097	3.009677419	-9999	-9999	0	
21	8	2014	0.016754327	3.009677419	-9999	-9999	0	
22	8	2014	0.21127443	3.009677419	-9999	-9999	0	
23	8	2014	0.137703419	3.009677419	-9999	-9999	0	
24	8	2014	0.462596416	3.009677419	-9999	-9999	0	
25	8	2014	15.9608078	3.009677419	-9999	-9999	0	
26	8	2014	0.302644849	3.009677419	-9999	-9999	0	
27	8	2014	1.292098999	3.009677419	-9999	-9999	0	
28	8	2014	0.171870485	3.009677419	-9999	17.76	0	
29	8	2014	0.401078194	3.009677419	-9999	-9999	0	
30	8	2014	0.07547731	3.009677419	-9999	-9999	0	
31	8	2014	6.92E-05	3.009677419	-9999	-9999	0	
1	9	2014	3.113840818	2.891	-9999	-9999	0	
2	9	2014	0.076681972	2.891	-9999	-9999	0	
3	9	2014	0.000552746	2.891	-9999	-9999	0	
4	9	2014	0.000472874	2.891	-9999	-9999	0	
5	9	2014	0.000832134	2.891	-9999	-9999	0	
6	9	2014	0.008801884	2.891	-9999	-9999	0	
7	9	2014	0.088069424	2.891	-9999	-9999	0	
8	9	2014	0	2.891	-9999	-9999	0	
9	9	2014	0.000832134	2.891	-9999	-9999	0	
10	9	2014	0	2.891	-9999	-9999	0	
11	9	2014	0.016066337	2.891	-9999	-9999	0	
12	9	2014	0.017926307	2.891	-9999	-9999	0	
13	9	2014	0.001506807	2.891	-9999	-9999	0	
14	9	2014	0.108102143	2.891	-9999	-9999	0	
15	9	2014	0.082627743	2.891	-9999	-9999	0	
16	9	2014	8.11E-05	2.891	-9999	-9999	0	
17	9	2014	0.075267807	2.891	-9999	-9999	0	
18	9	2014	1.30754745	2.891	-9999	-9999	0	
19	9	2014	6.035308361	2.891	-9999	-9999	0	
20	9	2014	0.951793432	2.891	-9999	-9999	0	
21	9	2014	0.082853481	2.891	-9999	-9999	0	
22	9	2014	0.000279572	2.891	-9999	-9999	0	
23	9	2014	2.23658967	2.891	-9999	-9999	0	
24	9	2014	0.619183779	2.891	-9999	-9999	0	
25	9	2014	0.000804996	2.891	-9999	17.09	0	
26	9	2014	0.000487862	2.891	-9999	-9999	0	
27	9	2014	0	2.891	-9999	-9999	0	
28	9	2014	0.003608531	2.891	-9999	-9999	0	
29	9	2014	2.226983786	2.891	-9999	-9999	0	
30	9	2014	0.03446722	2.891	-9999	-9999	0	
1	10	2014	0.060119178	1.290322581	-9999	-9999	0	
2	10	2014	0.087342113	1.290322581	-9999	-9999	0	
3	10	2014	0.072377883	1.290322581	-9999	-9999	0	
4	10	2014	8.918244362	1.290322581	-9999	-9999	0	
5	10	2014	0.021796213	1.290322581	-9999	-9999	0	
6	10	2014	5.689204693	1.290322581	-9999	-9999	0	
7	10	2014	3.324577332	1.290322581	-9999	-9999	0	
8	10	2014	9.081408501	1.290322581	-9999	-9999	0	
9	10	2014	0.549807847	1.290322581	-9999	-9999	0	
10	10	2014	1.46498847	1.290322581	-9999	-9999	0	
11	10	2014	0.120016009	1.290322581	-9999	-9999	0	
12	10	2014	28.59691811	1.290322581	-9999	-9999	0	
13	10	2014	10.49633026	1.290322581	-9999	-9999	0	
14	10	2014	0.200570479	1.290322581	-9999	-9999	0	
15	10	2014	5.091301918	1.290322581	-9999	-9999	0	
16	10	2014	0.048918165	1.290322581	-9999	-9999	0	
17	10	2014	0.540148616	1.290322581	-9999	-9999	0	
18	10	2014	5.045080185	1.290322581	-9999	-9999	0	
19	10	2014	0.009488414	1.290322581	-9999	-9999	0	
20	10	2014	1.00862956	1.290322581	-9999	-9999	0	
21	10	2014	1.887071252	1.290322581	-9999	-9999	0	
22	10	2014	0.016281951	1.290322581	-9999	-9999	0	
23	10	2014	0.981246352	1.290322581	-9999	-9999	0	
24	10	2014	0.20305261	1.290322581	-9999	-9999	0	
25	10	2014	0.018624304	1.290322581	-9999	-9999	0	
26	10	2014	0.070136026	1.290322581	-9999	-9999	0	
27	10	2014	0.083427601	1.290322581	-9999	-9999	0	
28	10	2014	0.046037789	1.290322581	-9999	-9999	0	
29	10	2014	1.632890821	1.290322581	-9999	-9999	0	
30	10	2014	0.049483825	1.290322581	-9999	16.59	0	
31	10	2014	0.018215945	1.290322581	-9999	-9999	0	
1	11	2014	0.027627049	0.583333333	-9999	-9999	0	
2	11	2014	4.168467999	0.583333333	-9999	-9999	0	
3	11	2014	4.661323547	0.583333333	-9999	-9999	0	
4	11	2014	0.401871771	0.583333333	-9999	-9999	0	
5	11	2014	4.607884407	0.583333333	-9999	-9999	0	
6	11	2014	4.419094086	0.583333333	-9999	-9999	0	
7	11	2014	0.254084408	0.583333333	-9999	-9999	0	
8	11	2014	8.288952827	0.583333333	-9999	-9999	0	
9	11	2014	0.141110182	0.583333333	-9999	-9999	0	
10	11	2014	0.031061618	0.583333333	-9999	-9999	0	
11	11	2014	0.103796206	0.583333333	-9999	-9999	0	
12	11	2014	0.795132101	0.583333333	-9999	-9999	0	
13	11	2014	1.321406603	0.583333333	-9999	-9999	0	
14	11	2014	3.387222767	0.583333333	-9999	-9999	0	
15	11	2014	0.221336991	0.583333333	-9999	-9999	0	
16	11	2014	12.5278511	0.583333333	-9999	-9999	0	
17	11	2014	4.311900139	0.583333333	-9999	-9999	0	
18	11	2014	0.698123634	0.583333333	-9999	-9999	0	
19	11	2014	0.357240379	0.583333333	-9999	-9999	0	
20	11	2014	0.014765606	0.583333333	-9999	-9999	0	
21	11	2014	1.983820081	0.583333333	-9999	-9999	0	
22	11	2014	8.344612122	0.583333333	-9999	-9999	0	
23	11	2014	14.5793457	0.583333333	-9999	-9999	0	
24	11	2014	0.090021543	0.583333333	-9999	-9999	0	
25	11	2014	7.612568378	0.583333333	-9999	-9999	0	
26	11	2014	1.412385702	0.583333333	-9999	-9999	0	
27	11	2014	0.060056519	0.583333333	-9999	16.97	0	
28	11	2014	0.103831947	0.583333333	-9999	-9999	0	
29	11	2014	0.110177092	0.583333333	-9999	-9999	0	
30	11	2014	0.260812104	0.583333333	-9999	-9999	0	
1	12	2014	0.030689642	0.423870968	-9999	-9999	0	
2	12	2014	2.940024614	0.423870968	-9999	-9999	0	
3	12	2014	0.526240885	0.423870968	-9999	-9999	0	
4	12	2014	1.223612547	0.423870968	-9999	-9999	0	
5	12	2014	0.007329777	0.423870968	-9999	-9999	0	
6	12	2014	0.248868942	0.423870968	-9999	-9999	0	
7	12	2014	0.757700443	0.423870968	-9999	-9999	0	
8	12	2014	0.000585222	0.423870968	-9999	-9999	0	
9	12	2014	0.896849096	0.423870968	-9999	-9999	0	
10	12	2014	0.998179018	0.423870968	-9999	-9999	0	
11	12	2014	4.875309467	0.423870968	-9999	-9999	0	
12	12	2014	0.687960804	0.423870968	-9999	-9999	0	
13	12	2014	0.127512723	0.423870968	-9999	-9999	0	
14	12	2014	1.913835764	0.423870968	-9999	-9999	0	
15	12	2014	0.085751168	0.423870968	-9999	16.99	0	
16	12	2014	9.694457054	0.423870968	-9999	-9999	0	
17	12	2014	0.040113106	0.423870968	-9999	-9999	0	
18	12	2014	2.884079933	0.423870968	-9999	-9999	0	
19	12	2014	0.009196091	0.423870968	-9999	-9999	0	
20	12	2014	0.002957797	0.423870968	-9999	-9999	0	
21	12	2014	0.001607115	0.423870968	-9999	-9999	0	
22	12	2014	8.09E-05	0.423870968	-9999	-9999	0	
23	12	2014	1.716392875	0.423870968	-9999	-9999	0	
24	12	2014	0.00124375	0.423870968	-9999	-9999	0	
25	12	2014	0.018648585	0.423870968	-9999	-9999	0	
26	12	2014	17.23544312	0.423870968	-9999	-9999	0	
27	12	2014	0.059573218	0.423870968	-9999	-9999	0	
28	12	2014	0.005099257	0.423870968	-9999	-9999	0	
29	12	2014	0	0.423870968	-9999	-9999	0	
30	12	2014	0.060323991	0.423870968	-9999	-9999	0	
31	12	2014	0.03304664	0.423870968	-9999	-9999	0	
1	1	2015	0.337813824	0.5	-9999	-9999	0	
2	1	2015	5.503045082	0.5	-9999	-9999	0	
3	1	2015	0.896837354	0.5	-9999	-9999	0	
4	1	2015	4.799098969	0.5	-9999	-9999	0	
5	1	2015	0.629799426	0.5	-9999	-9999	0	
6	1	2015	1.274115324	0.5	-9999	-9999	0	
7	1	2015	1.256586432	0.5	-9999	-9999	0	
8	1	2015	10.26375294	0.5	-9999	-9999	0	
9	1	2015	0.0228076	0.5	-9999	-9999	0	
10	1	2015	1.996187568	0.5	-9999	-9999	0	
11	1	2015	0.000944463	0.5	-9999	-9999	0	
12	1	2015	8.853726387	0.5	-9999	-9999	0	
13	1	2015	2.478824854	0.5	-9999	-9999	0	
14	1	2015	2.434229851	0.5	-9999	-9999	0	
15	1	2015	0.011363032	0.5	-9999	-9999	0	
16	1	2015	0.019903872	0.5	-9999	-9999	0	
17	1	2015	1.640106797	0.5	-9999	-9999	0	
18	1	2015	0.01249734	0.5	-9999	-9999	0	
19	1	2015	0	0.5	-9999	-9999	0	
20	1	2015	0.242671251	0.5	-9999	-9999	0	
21	1	2015	1.37420392	0.5	-9999	-9999	0	
22	1	2015	0	0.5	-9999	-9999	0	
23	1	2015	5.665826321	0.5	-9999	-9999	0	
24	1	2015	0.103139296	0.5	-9999	-9999	0	
25	1	2015	0.273218036	0.5	-9999	-9999	0	
26	1	2015	0.077877678	0.5	-9999	-9999	0	
27	1	2015	0.000377559	0.5	-9999	-9999	0	
28	1	2015	1.882536411	0.5	-9999	19.93	0	
29	1	2015	1.853830338	0.5	-9999	-9999	0	
30	1	2015	0.055752486	0.5	-9999	-9999	0	
31	1	2015	4.523621559	0.5	-9999	-9999	0	
1	2	2015	2.099447727	0.925	-9999	-9999	0	
2	2	2015	1.03858459	0.925	-9999	-9999	0	
3	2	2015	1.120636344	0.925	-9999	-9999	0	
4	2	2015	0.802419543	0.925	-9999	-9999	0	
5	2	2015	0.098501332	0.925	-9999	-9999	0	
6	2	2015	0.095142841	0.925	-9999	-9999	0	
7	2	2015	0.168022603	0.925	-9999	-9999	0	
8	2	2015	0.08165063	0.925	-9999	-9999	0	
9	2	2015	0.003355823	0.925	-9999	-9999	0	
10	2	2015	7.62E-05	0.925	-9999	-9999	0	
11	2	2015	4.25E-05	0.925	-9999	-9999	0	
12	2	2015	0.307425708	0.925	-9999	-9999	0	
13	2	2015	1.074724436	0.925	-9999	-9999	0	
14	2	2015	0.144319147	0.925	-9999	-9999	0	
15	2	2015	0.071332023	0.925	-9999	-9999	0	
16	2	2015	6.722225666	0.925	-9999	-9999	0	
17	2	2015	0.07317736	0.925	-9999	-9999	0	
18	2	2015	0.009224367	0.925	-9999	-9999	0	
19	2	2015	8.070730209	0.925	-9999	-9999	0	
20	2	2015	0.022581534	0.925	-9999	-9999	0	
21	2	2015	0.06235978	0.925	-9999	-9999	0	
22	2	2015	5.193146706	0.925	-9999	-9999	0	
23	2	2015	0.187935576	0.925	-9999	-9999	0	
24	2	2015	1.728477836	0.925	-9999	-9999	0	
25	2	2015	0.148321167	0.925	-9999	-9999	0	
26	2	2015	4.82369566	0.925	-9999	20.37	0	
27	2	2015	0.013093392	0.925	-9999	-9999	0	
28	2	2015	2.130184174	0.925	-9999	-9999	0	
1	3	2015	0.222561121	1.464516129	-9999	-9999	0	
2	3	2015	0.31887874	1.464516129	-9999	-9999	0	
3	3	2015	0.082679197	1.464516129	-9999	-9999	0	
4	3	2015	0.252974451	1.464516129	-9999	-9999	0	
5	3	2015	0	1.464516129	-9999	-9999	0	
6	3	2015	0.00072695	1.464516129	-9999	-9999	0	
7	3	2015	0.001847468	1.464516129	-9999	-9999	0	
8	3	2015	0.111037977	1.464516129	-9999	-9999	0	
9	3	2015	0.000987243	1.464516129	-9999	-9999	0	
10	3	2015	0.073916398	1.464516129	-9999	-9999	0	
11	3	2015	0.0517281	1.464516129	-9999	-9999	0	
12	3	2015	0.00163178	1.464516129	-9999	-9999	0	
13	3	2015	0	1.464516129	-9999	-9999	0	
14	3	2015	0.031381905	1.464516129	-9999	-9999	0	
15	3	2015	0.029362375	1.464516129	-9999	-9999	0	
16	3	2015	0.521967411	1.464516129	-9999	-9999	0	
17	3	2015	0.72638309	1.464516129	-9999	-9999	0	
18	3	2015	0.000642508	1.464516129	-9999	-9999	0	
19	3	2015	0.001102547	1.464516129	-9999	-9999	0	
20	3	2015	0.117830023	1.464516129	-9999	-9999	0	
21	3	2015	0.114369579	1.464516129	-9999	-9999	0	
22	3	2015	0.095640577	1.464516129	-9999	-9999	0	
23	3	2015	0.101610921	1.464516129	-9999	-9999	0	
24	3	2015	0.930979908	1.464516129	-9999	-9999	0	
25	3	2015	4.399870396	1.464516129	-9999	-9999	0	
26	3	2015	0.988231599	1.464516129	-9999	-9999	0	
27	3	2015	0.679097414	1.464516129	-9999	20.23	0	
28	3	2015	2.081240654	1.464516129	-9999	-9999	0	
29	3	2015	3.336823463	1.464516129	-9999	-9999	0	
30	3	2015	4.858520508	1.464516129	-9999	-9999	0	
31	3	2015	0.30947575	1.464516129	-9999	-9999	0	
1	4	2015	3.584836006	2.276666667	-9999	-9999	0	
2	4	2015	1.18013072	2.276666667	-9999	-9999	0	
3	4	2015	0.576734781	2.276666667	-9999	-9999	0	
4	4	2015	0.02843204	2.276666667	-9999	-9999	0	
5	4	2015	0.00377647	2.276666667	-9999	-9999	0	
6	4	2015	0.071404666	2.276666667	-9999	-9999	0	
7	4	2015	7.51E-05	2.276666667	-9999	-9999	0	
8	4	2015	0.07003931	2.276666667	-9999	-9999	0	
9	4	2015	0.075218238	2.276666667	-9999	-9999	0	
10	4	2015	0.032217678	2.276666667	-9999	-9999	0	
11	4	2015	1.217972279	2.276666667	-9999	-9999	0	
12	4	2015	0.381665289	2.276666667	-9999	-9999	0	
13	4	2015	0.078560166	2.276666667	-9999	-9999	0	
14	4	2015	7.51E-05	2.276666667	-9999	-9999	0	
15	4	2015	0.000131719	2.276666667	-9999	-9999	0	
16	4	2015	0	2.276666667	-9999	-9999	0	
17	4	2015	0.069099344	2.276666667	-9999	-9999	0	
18	4	2015	0	2.276666667	-9999	-9999	0	
19	4	2015	0.069164	2.276666667	-9999	-9999	0	
20	4	2015	8.24E-05	2.276666667	-9999	-9999	0	
21	4	2015	0.002691909	2.276666667	-9999	-9999	0	
22	4	2015	0	2.276666667	-9999	-9999	0	
23	4	2015	6.47E-05	2.276666667	-9999	-9999	0	
24	4	2015	1.210876346	2.276666667	-9999	19.66	0	
25	4	2015	9.26138401	2.276666667	-9999	-9999	0	
26	4	2015	0.119600914	2.276666667	-9999	-9999	0	
27	4	2015	0.305168331	2.276666667	-9999	-9999	0	
28	4	2015	0.000369705	2.276666667	-9999	-9999	0	
29	4	2015	2.49571538	2.276666667	-9999	-9999	0	
30	4	2015	0.10263785	2.276666667	-9999	-9999	0	
1	5	2015	0.001967495	2.81483871	-9999	-9999	0	
2	5	2015	3.48232913	2.81483871	-9999	-9999	0	
3	5	2015	4.331684113	2.81483871	-9999	-9999	0	
4	5	2015	11.20765972	2.81483871	-9999	-9999	0	
5	5	2015	1.861335158	2.81483871	-9999	-9999	0	
6	5	2015	0.868280888	2.81483871	-9999	-9999	0	
7	5	2015	0.463231623	2.81483871	-9999	-9999	0	
8	5	2015	1.343164086	2.81483871	-9999	-9999	0	
9	5	2015	0.029203603	2.81483871	-9999	-9999	0	
10	5	2015	0.000115026	2.81483871	-9999	-9999	0	
11	5	2015	0.153402478	2.81483871	-9999	-9999	0	
12	5	2015	0.135405988	2.81483871	-9999	-9999	0	
13	5	2015	0.068677455	2.81483871	-9999	-9999	0	
14	5	2015	5.650223732	2.81483871	-9999	-9999	0	
15	5	2015	0.314762652	2.81483871	-9999	-9999	0	
16	5	2015	0.069120556	2.81483871	-9999	-9999	0	
17	5	2015	1.328545332	2.81483871	-9999	-9999	0	
18	5	2015	4.417262077	2.81483871	-9999	-9999	0	
19	5	2015	2.290550947	2.81483871	-9999	-9999	0	
20	5	2015	7.610264301	2.81483871	-9999	-9999	0	
21	5	2015	0.001743782	2.81483871	-9999	-9999	0	
22	5	2015	0.364451259	2.81483871	-9999	18.95	0	
23	5	2015	0.068228252	2.81483871	-9999	-9999	0	
24	5	2015	0.320512444	2.81483871	-9999	-9999	0	
25	5	2015	0.001208587	2.81483871	-9999	-9999	0	
26	5	2015	0	2.81483871	-9999	-9999	0	
27	5	2015	0.00164128	2.81483871	-9999	-9999	0	
28	5	2015	8.42E-05	2.81483871	-9999	-9999	0	
29	5	2015	2.647923708	2.81483871	-9999	-9999	0	
30	5	2015	2.897783279	2.81483871	-9999	-9999	0	
31	5	2015	0.938382566	2.81483871	-9999	-9999	0	
1	6	2015	0.23386839	3.4	-9999	-9999	0	
2	6	2015	0.021910382	3.4	-9999	-9999	0	
3	6	2015	0.000108571	3.4	-9999	-9999	0	
4	6	2015	4.019525051	3.4	-9999	-9999	0	
5	6	2015	0.262608379	3.4	-9999	-9999	0	
6	6	2015	5.33E-05	3.4	-9999	-9999	0	
7	6	2015	0.000361373	3.4	-9999	-9999	0	
8	6	2015	0.024809588	3.4	-9999	-9999	0	
9	6	2015	0	3.4	-9999	-9999	0	
10	6	2015	0.081364878	3.4	-9999	-9999	0	
11	6	2015	0.000165733	3.4	-9999	-9999	0	
12	6	2015	5.14400959	3.4	-9999	-9999	0	
13	6	2015	1.58627975	3.4	-9999	-9999	0	
14	6	2015	0.382884771	3.4	-9999	-9999	0	
15	6	2015	0.000210725	3.4	-9999	-9999	0	
16	6	2015	0.00013964	3.4	-9999	-9999	0	
17	6	2015	0.297544003	3.4	-9999	-9999	0	
18	6	2015	0.001343176	3.4	-9999	-9999	0	
19	6	2015	0.001500113	3.4	-9999	-9999	0	
20	6	2015	3.392647982	3.4	-9999	-9999	0	
21	6	2015	0.006351629	3.4	-9999	-9999	0	
22	6	2015	2.280654669	3.4	-9999	-9999	0	
23	6	2015	0.003055105	3.4	-9999	-9999	0	
24	6	2015	0	3.4	-9999	-9999	0	
25	6	2015	0	3.4	-9999	18.08	0	
26	6	2015	0.002758216	3.4	-9999	-9999	0	
27	6	2015	0.00090703	3.4	-9999	-9999	0	
28	6	2015	1.178296089	3.4	-9999	-9999	0	
29	6	2015	0.00013964	3.4	-9999	-9999	0	
30	6	2015	0.00203839	3.4	-9999	-9999	0	
1	7	2015	0.000100931	3.55483871	-9999	-9999	0	
2	7	2015	0.046203651	3.55483871	-9999	-9999	0	
3	7	2015	8.514037132	3.55483871	-9999	-9999	0	
4	7	2015	0.167876005	3.55483871	-9999	-9999	0	
5	7	2015	5.355025768	3.55483871	-9999	-9999	0	
6	7	2015	0.019256445	3.55483871	-9999	-9999	0	
7	7	2015	0.368863285	3.55483871	-9999	-9999	0	
8	7	2015	1.820724726	3.55483871	-9999	-9999	0	
9	7	2015	0.000892283	3.55483871	-9999	-9999	0	
10	7	2015	3.60E-05	3.55483871	-9999	-9999	0	
11	7	2015	0.56127882	3.55483871	-9999	-9999	0	
12	7	2015	9.561553001	3.55483871	-9999	-9999	0	
13	7	2015	0.714276135	3.55483871	-9999	-9999	0	
14	7	2015	1.86629498	3.55483871	-9999	-9999	0	
15	7	2015	0.175912485	3.55483871	-9999	-9999	0	
16	7	2015	0.133926004	3.55483871	-9999	-9999	0	
17	7	2015	0.000114757	3.55483871	-9999	-9999	0	
18	7	2015	0.836736858	3.55483871	-9999	-9999	0	
19	7	2015	0.00494477	3.55483871	-9999	-9999	0	
20	7	2015	0.00153194	3.55483871	-9999	-9999	0	
21	7	2015	0.000230674	3.55483871	-9999	-9999	0	
22	7	2015	0.013390126	3.55483871	-9999	-9999	0	
23	7	2015	0	3.55483871	-9999	-9999	0	
24	7	2015	36.35105896	3.55483871	-9999	-9999	0	
25	7	2015	0.052977405	3.55483871	-9999	-9999	0	
26	7	2015	9.072590828	3.55483871	-9999	-9999	0	
27	7	2015	0.38147971	3.55483871	-9999	17.29	0	
28	7	2015	0.971949697	3.55483871	-9999	-9999	0	
29	7	2015	0.477308333	3.55483871	-9999	-9999	0	
30	7	2015	2.088091612	3.55483871	-9999	-9999	0	
31	7	2015	0.000679861	3.55483871	-9999	-9999	0	
1	8	2015	0.000118072	2.883870968	-9999	-9999	0	
2	8	2015	4.24E-05	2.883870968	-9999	-9999	0	
3	8	2015	0.001753601	2.883870968	-9999	-9999	0	
4	8	2015	0	2.883870968	-9999	-9999	0	
5	8	2015	0.197118282	2.883870968	-9999	-9999	0	
6	8	2015	0.0003544	2.883870968	-9999	-9999	0	
7	8	2015	0.000362522	2.883870968	-9999	-9999	0	
8	8	2015	0	2.883870968	-9999	-9999	0	
9	8	2015	0.000322785	2.883870968	-9999	-9999	0	
10	8	2015	0.000407101	2.883870968	-9999	-9999	0	
11	8	2015	0.959705591	2.883870968	-9999	-9999	0	
12	8	2015	0.003155441	2.883870968	-9999	-9999	0	
13	8	2015	6.338530064	2.883870968	-9999	-9999	0	
14	8	2015	1.016304255	2.883870968	-9999	-9999	0	
15	8	2015	0.001473963	2.883870968	-9999	-9999	0	
16	8	2015	0.000996773	2.883870968	-9999	-9999	0	
17	8	2015	3.043005228	2.883870968	-9999	-9999	0	
18	8	2015	9.57016468	2.883870968	-9999	-9999	0	
19	8	2015	1.580694795	2.883870968	-9999	-9999	0	
20	8	2015	0.045151033	2.883870968	-9999	-9999	0	
21	8	2015	0.002060492	2.883870968	-9999	-9999	0	
22	8	2015	0.000174063	2.883870968	-9999	-9999	0	
23	8	2015	2.922711849	2.883870968	-9999	-9999	0	
24	8	2015	7.577261448	2.883870968	-9999	-9999	0	
25	8	2015	2.256599665	2.883870968	-9999	-9999	0	
26	8	2015	6.901917934	2.883870968	-9999	-9999	0	
27	8	2015	1.366336346	2.883870968	-9999	16.64	0	
28	8	2015	0.006358502	2.883870968	-9999	-9999	0	
29	8	2015	2.570140839	2.883870968	-9999	-9999	0	
30	8	2015	3.702077389	2.883870968	-9999	-9999	0	
31	8	2015	4.765842915	2.883870968	-9999	-9999	0	
1	9	2015	0.3827461	2.891	-9999	-9999	0	
2	9	2015	3.393120289	2.891	-9999	-9999	0	
3	9	2015	0.006195748	2.891	-9999	-9999	0	
4	9	2015	0.093706496	2.891	-9999	-9999	0	
5	9	2015	0.001327022	2.891	-9999	-9999	0	
6	9	2015	3.38E-05	2.891	-9999	-9999	0	
7	9	2015	0.171152949	2.891	-9999	-9999	0	
8	9	2015	0.180074334	2.891	-9999	-9999	0	
9	9	2015	0.073178582	2.891	-9999	-9999	0	
10	9	2015	0.072171837	2.891	-9999	-9999	0	
11	9	2015	1.618473053	2.891	-9999	-9999	0	
12	9	2015	0.105594046	2.891	-9999	-9999	0	
13	9	2015	4.993193626	2.891	-9999	-9999	0	
14	9	2015	1.59670949	2.891	-9999	-9999	0	
15	9	2015	3.864630938	2.891	-9999	-9999	0	
16	9	2015	25.02245903	2.891	-9999	-9999	0	
17	9	2015	0.036404353	2.891	-9999	-9999	0	
18	9	2015	11.30919933	2.891	-9999	-9999	0	
19	9	2015	0.074325822	2.891	-9999	-9999	0	
20	9	2015	0.000724652	2.891	-9999	-9999	0	
21	9	2015	5.986144066	2.891	-9999	-9999	0	
22	9	2015	1.26150763	2.891	-9999	-9999	0	
23	9	2015	2.973059893	2.891	-9999	-9999	0	
24	9	2015	0.126981154	2.891	-9999	-9999	0	
25	9	2015	0.070466153	2.891	-9999	-9999	0	
26	9	2015	0.071600221	2.891	-9999	-9999	0	
27	9	2015	0.07071282	2.891	-9999	-9999	0	
28	9	2015	0.000154615	2.891	-9999	-9999	0	
29	9	2015	0.071127057	2.891	-9999	-9999	0	
30	9	2015	0.073773399	2.891	-9999	-9999	0	
1	10	2015	0.000498606	1.025806452	-9999	-9999	0	
2	10	2015	0.072405338	1.025806452	-9999	-9999	0	
3	10	2015	0.06856481	1.025806452	-9999	-9999	0	
4	10	2015	8.37E-05	1.025806452	-9999	-9999	0	
5	10	2015	9.139006615	1.025806452	-9999	-9999	0	
6	10	2015	1.987366557	1.025806452	-9999	-9999	0	
7	10	2015	0.369928688	1.025806452	-9999	-9999	0	
8	10	2015	0.001397702	1.025806452	-9999	-9999	0	
9	10	2015	0.076775812	1.025806452	-9999	-9999	0	
10	10	2015	0.069805555	1.025806452	-9999	-9999	0	
11	10	2015	0.000286451	1.025806452	-9999	-9999	0	
12	10	2015	0.079700865	1.025806452	-9999	-9999	0	
13	10	2015	0.063646495	1.025806452	-9999	-9999	0	
14	10	2015	2.397443533	1.025806452	-9999	-9999	0	
15	10	2015	1.081106424	1.025806452	-9999	-9999	0	
16	10	2015	0.85974443	1.025806452	-9999	-9999	0	
17	10	2015	0.178212106	1.025806452	-9999	-9999	0	
18	10	2015	0.265389323	1.025806452	-9999	-9999	0	
19	10	2015	0.004546287	1.025806452	-9999	-9999	0	
20	10	2015	2.663716793	1.025806452	-9999	-9999	0	
21	10	2015	0.977645993	1.025806452	-9999	-9999	0	
22	10	2015	0.004442165	1.025806452	-9999	-9999	0	
23	10	2015	0.000726851	1.025806452	-9999	-9999	0	
24	10	2015	1.738100171	1.025806452	-9999	-9999	0	
25	10	2015	0.087182231	1.025806452	-9999	-9999	0	
26	10	2015	0.108990729	1.025806452	-9999	-9999	0	
27	10	2015	3.364302397	1.025806452	-9999	-9999	0	
28	10	2015	2.800383091	1.025806452	-9999	-9999	0	
29	10	2015	0.657401681	1.025806452	-9999	-9999	0	
30	10	2015	1.402949214	1.025806452	-9999	-9999	0	
31	10	2015	0.237959996	1.025806452	-9999	-9999	0	
1	11	2015	0.406267375	0.903333333	-9999	-9999	0	
2	11	2015	0.041194655	0.903333333	-9999	-9999	0	
3	11	2015	9.959119797	0.903333333	-9999	-9999	0	
4	11	2015	3.888309717	0.903333333	-9999	-9999	0	
5	11	2015	3.943457842	0.903333333	-9999	-9999	0	
6	11	2015	2.622605085	0.903333333	-9999	-9999	0	
7	11	2015	2.879905224	0.903333333	-9999	-9999	0	
8	11	2015	0.172264352	0.903333333	-9999	-9999	0	
9	11	2015	0.178895593	0.903333333	-9999	-9999	0	
10	11	2015	0.654738069	0.903333333	-9999	-9999	0	
11	11	2015	0.076419026	0.903333333	-9999	-9999	0	
12	11	2015	0.138556302	0.903333333	-9999	-9999	0	
13	11	2015	1.124989867	0.903333333	-9999	-9999	0	
14	11	2015	4.868892193	0.903333333	-9999	-9999	0	
15	11	2015	0.183694661	0.903333333	-9999	-9999	0	
16	11	2015	9.809062958	0.903333333	-9999	-9999	0	
17	11	2015	3.433772564	0.903333333	-9999	-9999	0	
18	11	2015	0.220132425	0.903333333	-9999	-9999	0	
19	11	2015	1.982420325	0.903333333	-9999	-9999	0	
20	11	2015	3.393391371	0.903333333	-9999	-9999	0	
21	11	2015	2.030890465	0.903333333	-9999	-9999	0	
22	11	2015	0.8361063	0.903333333	-9999	-9999	0	
23	11	2015	8.50866127	0.903333333	-9999	-9999	0	
24	11	2015	2.575265169	0.903333333	-9999	-9999	0	
25	11	2015	0.027076663	0.903333333	-9999	-9999	0	
26	11	2015	0.164047718	0.903333333	-9999	-9999	0	
27	11	2015	2.144670963	0.903333333	-9999	-9999	0	
28	11	2015	0.44533509	0.903333333	-9999	-9999	0	
29	11	2015	7.291381836	0.903333333	-9999	-9999	0	
30	11	2015	4.396828175	0.903333333	-9999	-9999	0	
1	12	2015	0.01143133	0.774193548	-9999	-9999	0	
2	12	2015	0.059438903	0.774193548	-9999	-9999	0	
3	12	2015	2.214118242	0.774193548	-9999	-9999	0	
4	12	2015	0.005681965	0.774193548	-9999	-9999	0	
5	12	2015	0.010693253	0.774193548	-9999	-9999	0	
6	12	2015	0.370467961	0.774193548	-9999	-9999	0	
7	12	2015	1.391825199	0.774193548	-9999	-9999	0	
8	12	2015	1.121739507	0.774193548	-9999	-9999	0	
9	12	2015	0.016323116	0.774193548	-9999	-9999	0	
10	12	2015	7.175675869	0.774193548	-9999	-9999	0	
11	12	2015	1.848451257	0.774193548	-9999	-9999	0	
12	12	2015	5.394774437	0.774193548	-9999	-9999	0	
13	12	2015	1.268920064	0.774193548	-9999	-9999	0	
14	12	2015	1.133798122	0.774193548	-9999	-9999	0	
15	12	2015	3.821599245	0.774193548	-9999	-9999	0	
16	12	2015	0.028036771	0.774193548	-9999	-9999	0	
17	12	2015	0.04821087	0.774193548	-9999	-9999	0	
18	12	2015	0.004491706	0.774193548	-9999	-9999	0	
19	12	2015	0	0.774193548	-9999	-9999	0	
20	12	2015	0.216115475	0.774193548	-9999	-9999	0	
21	12	2015	1.121446252	0.774193548	-9999	-9999	0	
22	12	2015	3.184270859	0.774193548	-9999	-9999	0	
23	12	2015	0.02648888	0.774193548	-9999	-9999	0	
24	12	2015	1.764101148	0.774193548	-9999	-9999	0	
25	12	2015	1.696194768	0.774193548	-9999	-9999	0	
26	12	2015	1.917008877	0.774193548	-9999	-9999	0	
27	12	2015	2.183247328	0.774193548	-9999	-9999	0	
28	12	2015	0.12822853	0.774193548	-9999	-9999	0	
29	12	2015	0.005115187	0.774193548	-9999	-9999	0	
30	12	2015	4.928305626	0.774193548	-9999	-9999	0	
31	12	2015	2.491073608	0.774193548	-9999	-9999	0	
1	1	2016	2.774816275	0.532258065	-9999	-9999	0	
2	1	2016	4.166348934	0.532258065	-9999	-9999	0	
3	1	2016	7.614719391	0.532258065	-9999	-9999	0	
4	1	2016	1.639207721	0.532258065	-9999	-9999	0	
5	1	2016	0.206299335	0.532258065	-9999	-9999	0	
6	1	2016	10.15309525	0.532258065	-9999	-9999	0	
7	1	2016	2.721475601	0.532258065	-9999	-9999	0	
8	1	2016	0.292933285	0.532258065	-9999	-9999	0	
9	1	2016	2.844336271	0.532258065	-9999	-9999	0	
10	1	2016	3.953803062	0.532258065	-9999	-9999	0	
11	1	2016	0.469499648	0.532258065	-9999	-9999	0	
12	1	2016	0.735476851	0.532258065	-9999	-9999	0	
13	1	2016	2.269211054	0.532258065	-9999	-9999	0	
14	1	2016	3.798397779	0.532258065	-9999	-9999	0	
15	1	2016	0.018585308	0.532258065	-9999	-9999	0	
16	1	2016	0.031268001	0.532258065	-9999	-9999	0	
17	1	2016	0.001686498	0.532258065	-9999	-9999	0	
18	1	2016	0	0.532258065	-9999	-9999	0	
19	1	2016	0.00709145	0.532258065	-9999	-9999	0	
20	1	2016	0.001732511	0.532258065	-9999	-9999	0	
21	1	2016	0.154747814	0.532258065	-9999	-9999	0	
22	1	2016	5.161399841	0.532258065	-9999	-9999	0	
23	1	2016	3.523782492	0.532258065	-9999	-9999	0	
24	1	2016	0.126591608	0.532258065	-9999	-9999	0	
25	1	2016	0.017566761	0.532258065	-9999	-9999	0	
26	1	2016	0.113040484	0.532258065	-9999	-9999	0	
27	1	2016	0.479485422	0.532258065	-9999	-9999	0	
28	1	2016	0.002035517	0.532258065	-9999	-9999	0	
29	1	2016	2.938815594	0.532258065	-9999	-9999	0	
30	1	2016	0.091461778	0.532258065	-9999	-9999	0	
31	1	2016	1.606519938	0.532258065	-9999	-9999	0	
1	2	2016	0.015746713	0.844827586	-9999	-9999	0	
2	2	2016	0.215086788	0.844827586	-9999	-9999	0	
3	2	2016	2.243318796	0.844827586	-9999	-9999	0	
4	2	2016	0.758050799	0.844827586	-9999	-9999	0	
5	2	2016	0.151192456	0.844827586	-9999	-9999	0	
6	2	2016	1.363260269	0.844827586	-9999	-9999	0	
7	2	2016	7.941813469	0.844827586	-9999	-9999	0	
8	2	2016	0.060026359	0.844827586	-9999	-9999	0	
9	2	2016	0.221474618	0.844827586	-9999	-9999	0	
10	2	2016	0.026363911	0.844827586	-9999	-9999	0	
11	2	2016	0.310809046	0.844827586	-9999	-9999	0	
12	2	2016	0.143449381	0.844827586	-9999	-9999	0	
13	2	2016	1.073549628	0.844827586	-9999	-9999	0	
14	2	2016	0.907434762	0.844827586	-9999	-9999	0	
15	2	2016	0.692517877	0.844827586	-9999	-9999	0	
16	2	2016	0.199173078	0.844827586	-9999	-9999	0	
17	2	2016	2.218384027	0.844827586	-9999	-9999	0	
18	2	2016	0.31241408	0.844827586	-9999	-9999	0	
19	2	2016	0.239521503	0.844827586	-9999	-9999	0	
20	2	2016	0.616001368	0.844827586	-9999	-9999	0	
21	2	2016	1.489100456	0.844827586	-9999	-9999	0	
22	2	2016	0.061761733	0.844827586	-9999	-9999	0	
23	2	2016	0.088747196	0.844827586	-9999	-9999	0	
24	2	2016	0.002148482	0.844827586	-9999	-9999	0	
25	2	2016	0	0.844827586	-9999	-9999	0	
26	2	2016	0	0.844827586	-9999	-9999	0	
27	2	2016	0.002346437	0.844827586	-9999	-9999	0	
28	2	2016	0.075429529	0.844827586	-9999	-9999	0	
29	2	2016	1.352289438	0.844827586	-9999	-9999	0	
1	3	2016	7.571743488	1.180645161	-9999	-9999	0	
2	3	2016	4.193535805	1.180645161	-9999	-9999	0	
3	3	2016	8.808698654	1.180645161	-9999	-9999	0	
4	3	2016	0.241743773	1.180645161	-9999	-9999	0	
5	3	2016	1.833570242	1.180645161	-9999	-9999	0	
6	3	2016	0.428595155	1.180645161	-9999	-9999	0	
7	3	2016	0.609290421	1.180645161	-9999	-9999	0	
8	3	2016	9.108620644	1.180645161	-9999	-9999	0	
9	3	2016	4.360497952	1.180645161	-9999	-9999	0	
10	3	2016	0.124985509	1.180645161	-9999	-9999	0	
11	3	2016	0.003869903	1.180645161	-9999	-9999	0	
12	3	2016	0.079232968	1.180645161	-9999	-9999	0	
13	3	2016	0.001273637	1.180645161	-9999	-9999	0	
14	3	2016	0.000342663	1.180645161	-9999	-9999	0	
15	3	2016	0.002541265	1.180645161	-9999	-9999	0	
16	3	2016	0.09892866	1.180645161	-9999	-9999	0	
17	3	2016	0.070399217	1.180645161	-9999	-9999	0	
18	3	2016	0.084854394	1.180645161	-9999	-9999	0	
19	3	2016	0.048955131	1.180645161	-9999	-9999	0	
20	3	2016	0.001874639	1.180645161	-9999	-9999	0	
21	3	2016	0.070652939	1.180645161	-9999	-9999	0	
22	3	2016	9.06E-05	1.180645161	-9999	-9999	0	
23	3	2016	0.139367253	1.180645161	-9999	-9999	0	
24	3	2016	4.717907429	1.180645161	-9999	-9999	0	
25	3	2016	0.01905892	1.180645161	-9999	-9999	0	
26	3	2016	2.513005018	1.180645161	-9999	-9999	0	
27	3	2016	11.09212399	1.180645161	-9999	-9999	0	
28	3	2016	1.318921924	1.180645161	-9999	-9999	0	
29	3	2016	3.794351816	1.180645161	-9999	-9999	0	
30	3	2016	0.068185769	1.180645161	-9999	-9999	0	
31	3	2016	0.337677002	1.180645161	-9999	-9999	0	
1	4	2016	0.082965307	1.98	-9999	-9999	0	
2	4	2016	1.915113688	1.98	-9999	-9999	0	
3	4	2016	9.634490967	1.98	-9999	-9999	0	
4	4	2016	0.511646688	1.98	-9999	-9999	0	
5	4	2016	0.419992447	1.98	-9999	-9999	0	
6	4	2016	0.874626398	1.98	-9999	-9999	0	
7	4	2016	0.331331819	1.98	-9999	-9999	0	
8	4	2016	1.229891419	1.98	-9999	-9999	0	
9	4	2016	2.903769732	1.98	-9999	-9999	0	
10	4	2016	0.003016668	1.98	-9999	-9999	0	
11	4	2016	8.962796211	1.98	-9999	-9999	0	
12	4	2016	2.763210297	1.98	-9999	-9999	0	
13	4	2016	0.134251863	1.98	-9999	-9999	0	
14	4	2016	2.803122997	1.98	-9999	-9999	0	
15	4	2016	8.385596275	1.98	-9999	-9999	0	
16	4	2016	1.005724907	1.98	-9999	-9999	0	
17	4	2016	0.016127812	1.98	-9999	-9999	0	
18	4	2016	0.000451595	1.98	-9999	-9999	0	
19	4	2016	0.01106678	1.98	-9999	-9999	0	
20	4	2016	0.091992512	1.98	-9999	-9999	0	
21	4	2016	0.014425325	1.98	-9999	-9999	0	
22	4	2016	0.337973684	1.98	-9999	-9999	0	
23	4	2016	1.743624091	1.98	-9999	-9999	0	
24	4	2016	0.244979694	1.98	-9999	-9999	0	
25	4	2016	2.017552376	1.98	-9999	-9999	0	
26	4	2016	5.061500549	1.98	-9999	-9999	0	
27	4	2016	0.51864475	1.98	-9999	-9999	0	
28	4	2016	2.920657396	1.98	-9999	-9999	0	
29	4	2016	0.710766375	1.98	-9999	-9999	0	
30	4	2016	0.154126123	1.98	-9999	-9999	0	
1	5	2016	0.087464504	3.161290323	-9999	-9999	0	
2	5	2016	2.324364185	3.161290323	-9999	-9999	0	
3	5	2016	0.000986582	3.161290323	-9999	-9999	0	
4	5	2016	0	3.161290323	-9999	-9999	0	
5	5	2016	0	3.161290323	-9999	-9999	0	
6	5	2016	0	3.161290323	-9999	-9999	0	
7	5	2016	0	3.161290323	-9999	-9999	0	
8	5	2016	0.008882936	3.161290323	-9999	-9999	0	
9	5	2016	2.207774878	3.161290323	-9999	-9999	0	
10	5	2016	3.799250364	3.161290323	-9999	-9999	0	
11	5	2016	0.121294916	3.161290323	-9999	-9999	0	
12	5	2016	0.006517055	3.161290323	-9999	-9999	0	
13	5	2016	0.634653807	3.161290323	-9999	-9999	0	
14	5	2016	0.008788982	3.161290323	-9999	-9999	0	
15	5	2016	0	3.161290323	-9999	-9999	0	
16	5	2016	0	3.161290323	-9999	-9999	0	
17	5	2016	0.023007601	3.161290323	-9999	-9999	0	
18	5	2016	1.82957983	3.161290323	-9999	-9999	0	
19	5	2016	0.054076206	3.161290323	-9999	-9999	0	
20	5	2016	0.003865689	3.161290323	-9999	-9999	0	
21	5	2016	0.923903108	3.161290323	-9999	-9999	0	
22	5	2016	10.90382385	3.161290323	-9999	-9999	0	
23	5	2016	0.076023445	3.161290323	-9999	-9999	0	
24	5	2016	0.082615204	3.161290323	-9999	-9999	0	
25	5	2016	0.003521143	3.161290323	-9999	-9999	0	
26	5	2016	0.003229809	3.161290323	-9999	-9999	0	
27	5	2016	0.000257698	3.161290323	-9999	-9999	0	
28	5	2016	0	3.161290323	-9999	-9999	0	
29	5	2016	0	3.161290323	-9999	-9999	0	
30	5	2016	42.52305603	3.161290323	-9999	-9999	0	
31	5	2016	1.942174315	3.161290323	-9999	-9999	0	
1	6	2016	1.458372235	2.533333333	-9999	-9999	0	
2	6	2016	0.020972036	2.533333333	-9999	-9999	0	
3	6	2016	0.14563404	2.533333333	-9999	-9999	0	
4	6	2016	0.074079469	2.533333333	-9999	-9999	0	
5	6	2016	0.000986203	2.533333333	-9999	-9999	0	
6	6	2016	0	2.533333333	-9999	-9999	0	
7	6	2016	0.080390237	2.533333333	-9999	-9999	0	
8	6	2016	0.021901479	2.533333333	-9999	-9999	0	
9	6	2016	0.007923625	2.533333333	-9999	-9999	0	
10	6	2016	0.023885505	2.533333333	-9999	-9999	0	
11	6	2016	25.72972679	2.533333333	-9999	-9999	0	
12	6	2016	0.648857117	2.533333333	-9999	-9999	0	
13	6	2016	7.143401623	2.533333333	-9999	-9999	0	
14	6	2016	2.175841808	2.533333333	-9999	-9999	0	
15	6	2016	1.439085245	2.533333333	-9999	-9999	0	
16	6	2016	0.418956548	2.533333333	-9999	-9999	0	
17	6	2016	6.991615772	2.533333333	-9999	-9999	0	
18	6	2016	0.116353944	2.533333333	-9999	-9999	0	
19	6	2016	4.043403149	2.533333333	-9999	-9999	0	
20	6	2016	16.59717941	2.533333333	-9999	-9999	0	
21	6	2016	0.014051563	2.533333333	-9999	-9999	0	
22	6	2016	18.51592636	2.533333333	-9999	-9999	0	
23	6	2016	7.908378601	2.533333333	-9999	-9999	0	
24	6	2016	0.152025685	2.533333333	-9999	-9999	0	
25	6	2016	8.861802101	2.533333333	-9999	-9999	0	
26	6	2016	1.11163342	2.533333333	-9999	-9999	0	
27	6	2016	0.026869383	2.533333333	-9999	-9999	0	
28	6	2016	1.946591854	2.533333333	-9999	-9999	0	
29	6	2016	0.226015106	2.533333333	-9999	-9999	0	
30	6	2016	0.708494186	2.533333333	-9999	-9999	0	
1	7	2016	0.322823077	3.416129032	-9999	-9999	0	
2	7	2016	0.693024814	3.416129032	-9999	-9999	0	
3	7	2016	0.003743394	3.416129032	-9999	-9999	0	
4	7	2016	0.000287554	3.416129032	-9999	-9999	0	
5	7	2016	0.000201294	3.416129032	-9999	-9999	0	
6	7	2016	0	3.416129032	-9999	-9999	0	
7	7	2016	0.116737068	3.416129032	-9999	-9999	0	
8	7	2016	0.015530808	3.416129032	-9999	-9999	0	
9	7	2016	0.015611165	3.416129032	-9999	-9999	0	
10	7	2016	0.038348131	3.416129032	-9999	-9999	0	
11	7	2016	2.61335969	3.416129032	-9999	-9999	0	
12	7	2016	4.720438957	3.416129032	-9999	-9999	0	
13	7	2016	0.358633906	3.416129032	-9999	-9999	0	
14	7	2016	0.000571297	3.416129032	-9999	-9999	0	
15	7	2016	0.000574707	3.416129032	-9999	-9999	0	
16	7	2016	0.000932238	3.416129032	-9999	-9999	0	
17	7	2016	0	3.416129032	-9999	-9999	0	
18	7	2016	0	3.416129032	-9999	-9999	0	
19	7	2016	0	3.416129032	-9999	-9999	0	
20	7	2016	9.717972755	3.416129032	-9999	-9999	0	
21	7	2016	0.008355266	3.416129032	-9999	-9999	0	
22	7	2016	0.000310587	3.416129032	-9999	-9999	0	
23	7	2016	0	3.416129032	-9999	-9999	0	
24	7	2016	0.076491818	3.416129032	-9999	-9999	0	
25	7	2016	0.007633954	3.416129032	-9999	-9999	0	
26	7	2016	0.587987185	3.416129032	-9999	-9999	0	
27	7	2016	0.908023477	3.416129032	-9999	-9999	0	
28	7	2016	2.516880035	3.416129032	-9999	-9999	0	
29	7	2016	2.597508669	3.416129032	-9999	-9999	0	
30	7	2016	0.271991938	3.416129032	-9999	-9999	0	
31	7	2016	0.020210396	3.416129032	-9999	-9999	0	
1	8	2016	6.998556614	3.383870968	-9999	-9999	0	
2	8	2016	2.226228952	3.383870968	-9999	-9999	0	
3	8	2016	0.174808547	3.383870968	-9999	-9999	0	
4	8	2016	0.326629758	3.383870968	-9999	-9999	0	
5	8	2016	0.107311919	3.383870968	-9999	-9999	0	
6	8	2016	0	3.383870968	-9999	-9999	0	
7	8	2016	0.000103531	3.383870968	-9999	-9999	0	
8	8	2016	0.001624432	3.383870968	-9999	-9999	0	
9	8	2016	0.120632216	3.383870968	-9999	-9999	0	
10	8	2016	1.01083827	3.383870968	-9999	-9999	0	
11	8	2016	0.032697275	3.383870968	-9999	-9999	0	
12	8	2016	0.000878671	3.383870968	0.262	-9999	0	
13	8	2016	0	3.383870968	0.258	-9999	0	
14	8	2016	0.001627435	3.383870968	0.247	-9999	0	
15	8	2016	0	3.383870968	0.253	-9999	0	
16	8	2016	0.000908719	3.383870968	0.257	-9999	0	
17	8	2016	0.000473675	3.383870968	0.244	-9999	0	
18	8	2016	0.002531936	3.383870968	0.232	-9999	0	
19	8	2016	0.921392083	3.383870968	0.24	-9999	0	
20	8	2016	1.501666903	3.383870968	0.239	-9999	0	
21	8	2016	3.358131409	3.383870968	0.238	-9999	0	
22	8	2016	0.080965303	3.383870968	0.249	-9999	0	
23	8	2016	0.01041764	3.383870968	0.251	-9999	0	
24	8	2016	0.355246425	3.383870968	0.247	-9999	0	
25	8	2016	0.203637511	3.383870968	0.251	-9999	0	
26	8	2016	0.00066497	3.383870968	0.225	-9999	0	
27	8	2016	0.0072008	3.383870968	0.226	-9999	0	
28	8	2016	9.148857117	3.383870968	0.247	-9999	0	
29	8	2016	0.001594707	3.383870968	0.292	-9999	0	
30	8	2016	0	3.383870968	0.266	-9999	0	
31	8	2016	0.008805088	3.383870968	0.269	-9999	0	
1	9	2016	0.001790752	2.253333333	0.254	-9999	0	
2	9	2016	0.057127651	2.253333333	0.258	-9999	0	
3	9	2016	4.960520267	2.253333333	0.27	-9999	0	
4	9	2016	0.098344274	2.253333333	0.289	-9999	0	
5	9	2016	0.255712837	2.253333333	0.253	-9999	0	
6	9	2016	0.009819025	2.253333333	0.283	-9999	0	
7	9	2016	0.004691926	2.253333333	0.292	-9999	0	
8	9	2016	0.004483587	2.253333333	0.256	-9999	0	
9	9	2016	0.047935765	2.253333333	0.269	-9999	0	
10	9	2016	1.634940147	2.253333333	0.269	-9999	0	
11	9	2016	0.006147537	2.253333333	0.265	-9999	0	
12	9	2016	8.93E-05	2.253333333	0.264	-9999	0	
13	9	2016	0	2.253333333	0.259	-9999	0	
14	9	2016	0.086292431	2.253333333	0.244	-9999	0	
15	9	2016	0.276269466	2.253333333	0.244	-9999	0	
16	9	2016	23.83117294	2.253333333	0.308	-9999	0	
17	9	2016	0.061878275	2.253333333	0.363	-9999	0	
18	9	2016	0.002528024	2.253333333	0.342	-9999	0	
19	9	2016	3.625820637	2.253333333	0.327	-9999	0	
20	9	2016	0.290052235	2.253333333	0.341	-9999	0	
21	9	2016	0.006764214	2.253333333	0.346	-9999	0	
22	9	2016	0.000269837	2.253333333	0.315	-9999	0	
23	9	2016	0.032615107	2.253333333	0.297	-9999	0	
24	9	2016	0.014099233	2.253333333	0.31	-9999	0	
25	9	2016	0.004257507	2.253333333	0.31	-9999	0	
26	9	2016	0.099441074	2.253333333	0.31	-9999	0	
27	9	2016	0.009127598	2.253333333	0.306	-9999	0	
28	9	2016	0.023309991	2.253333333	0.294	-9999	0	
29	9	2016	0.227008268	2.253333333	0.294	-9999	0	
30	9	2016	1.172399879	2.253333333	0.292	-9999	0	
1	10	2016	5.048867702	1.132258065	0.302	-9999	0	
2	10	2016	0.228883281	1.132258065	0.327	-9999	0	
3	10	2016	0.001969032	1.132258065	0.308	-9999	0	
4	10	2016	0	1.132258065	0.313	-9999	0	
5	10	2016	0.000354195	1.132258065	0.308	-9999	0	
6	10	2016	0.007026413	1.132258065	0.293	-9999	0	
7	10	2016	0.792698085	1.132258065	0.296	-9999	0	
8	10	2016	0.255071342	1.132258065	0.304	-9999	0	
9	10	2016	0.367475599	1.132258065	0.305	-9999	0	
10	10	2016	0.628681183	1.132258065	0.314	-9999	0	
11	10	2016	1.86762619	1.132258065	0.301	-9999	0	
12	10	2016	1.685450912	1.132258065	0.303	-9999	0	
13	10	2016	0.052562673	1.132258065	0.3	-9999	0	
14	10	2016	0.269870907	1.132258065	0.275	-9999	0	
15	10	2016	2.858603954	1.132258065	0.293	-9999	0	
16	10	2016	0.240758464	1.132258065	0.319	-9999	0	
17	10	2016	0.401446402	1.132258065	0.316	-9999	0	
18	10	2016	4.216397285	1.132258065	0.321	-9999	0	
19	10	2016	0.590153337	1.132258065	0.348	-9999	0	
20	10	2016	1.145826221	1.132258065	0.34	-9999	0	
21	10	2016	0.453995615	1.132258065	0.35	-9999	0	
22	10	2016	0.017177353	1.132258065	0.34	-9999	0	
23	10	2016	0.008416783	1.132258065	0.315	-9999	0	
24	10	2016	0.021680007	1.132258065	0.335	-9999	0	
25	10	2016	0.278585702	1.132258065	0.322	-9999	0	
26	10	2016	0.124816075	1.132258065	0.333	-9999	0	
27	10	2016	0.002495955	1.132258065	0.327	-9999	0	
28	10	2016	0	1.132258065	0.326	-9999	0	
29	10	2016	0.189954177	1.132258065	0.317	-9999	0	
30	10	2016	0.137812257	1.132258065	0.316	-9999	0	
31	10	2016	0.112932637	1.132258065	0.304	-9999	0	
1	11	2016	0.029427603	0.59	0.297	-9999	0	
2	11	2016	0.074358523	0.59	0.306	-9999	0	
3	11	2016	0.003130576	0.59	0.299	-9999	0	
4	11	2016	3.698308468	0.59	0.315	-9999	0	
5	11	2016	0.17733486	0.59	0.329	-9999	0	
6	11	2016	4.170767307	0.59	0.336	-9999	0	
7	11	2016	0.057026677	0.59	0.362	-9999	0	
8	11	2016	5.733717442	0.59	0.354	-9999	0	
9	11	2016	2.728620529	0.59	0.369	-9999	0	
10	11	2016	0.799507201	0.59	0.372	-9999	0	
11	11	2016	0.352605075	0.59	0.371	-9999	0	
12	11	2016	4.346936703	0.59	0.382	-9999	0	
13	11	2016	1.399804115	0.59	0.39	-9999	0	
14	11	2016	0.394037902	0.59	0.402	-9999	0	
15	11	2016	2.739842415	0.59	0.415	-9999	0	
16	11	2016	0.475422144	0.59	0.396	-9999	0	
17	11	2016	2.545588255	0.59	0.392	-9999	0	
18	11	2016	0.080285385	0.59	0.385	-9999	0	
19	11	2016	17.73928833	0.59	0.399	-9999	0	
20	11	2016	11.09136868	0.59	0.43	-9999	0	
21	11	2016	5.906959057	0.59	0.455	-9999	0	
22	11	2016	0.198252544	0.59	0.423	-9999	0	
23	11	2016	0.003913899	0.59	0.4	-9999	0	
24	11	2016	0	0.59	0.387	-9999	0	
25	11	2016	0.010777953	0.59	0.379	-9999	0	
26	11	2016	0.079067364	0.59	0.399	-9999	0	
27	11	2016	0.007748724	0.59	0.385	-9999	0	
28	11	2016	8.85E-05	0.59	0.378	-9999	0	
29	11	2016	0.03619045	0.59	0.384	-9999	0	
30	11	2016	0.021850023	0.59	0.39	-9999	0	
1	12	2016	0.073019661	0.3	0.366	-9999	0	
2	12	2016	0.176656991	0.3	0.384	-9999	0	
3	12	2016	0	0.3	0.383	-9999	0	
4	12	2016	0.002509356	0.3	0.367	-9999	0	
5	12	2016	0.180775464	0.3	0.391	-9999	0	
6	12	2016	0.139108121	0.3	0.397	-9999	0	
7	12	2016	0.005702864	0.3	0.385	-9999	0	
8	12	2016	0.020838233	0.3	0.384	-9999	0	
9	12	2016	0.490631104	0.3	0.368	-9999	0	
10	12	2016	9.247873306	0.3	0.411	-9999	0	
11	12	2016	0.027847815	0.3	0.411	-9999	0	
12	12	2016	0.895944834	0.3	0.423	-9999	0	
13	12	2016	0.259825289	0.3	0.436	-9999	0	
14	12	2016	0.11448285	0.3	0.436	-9999	0	
15	12	2016	0.013446244	0.3	0.436	-9999	0	
16	12	2016	0.145290121	0.3	0.423	-9999	0	
17	12	2016	0.107119203	0.3	0.437	-9999	0	
18	12	2016	0.000507206	0.3	0.416	-9999	0	
19	12	2016	0.034430195	0.3	0.377	-9999	0	
20	12	2016	0.263269693	0.3	0.386	15.87	0	
21	12	2016	0.030875653	0.3	0.407	-9999	0	
22	12	2016	0.102107093	0.3	0.41	-9999	0	
23	12	2016	1.095171571	0.3	0.426	-9999	0	
24	12	2016	0.020725455	0.3	0.399	-9999	0	
25	12	2016	1.263063431	0.3	0.397	-9999	0	
26	12	2016	0.001332765	0.3	0.401	-9999	0	
27	12	2016	0.005374726	0.3	0.393	-9999	0	
28	12	2016	0.271701723	0.3	0.38	-9999	0	
29	12	2016	0.16200842	0.3	0.378	-9999	0	
30	12	2016	0.225890234	0.3	0.439	-9999	0	
31	12	2016	0.52294457	0.3	0.434	-9999	0	
1	1	2017	4.62576437	0.358064516	0.452	-9999	0	
2	1	2017	0.054488398	0.358064516	0.454	-9999	0	
3	1	2017	0.120859191	0.358064516	0.429	-9999	0	
4	1	2017	0.047955967	0.358064516	0.402	-9999	0	
5	1	2017	0.083276249	0.358064516	0.404	-9999	0	
6	1	2017	1.257548332	0.358064516	0.416	-9999	0	
7	1	2017	0.08731842	0.358064516	0.425	-9999	0	
8	1	2017	0.210660666	0.358064516	0.415	-9999	0	
9	1	2017	4.76013279	0.358064516	0.434	-9999	0	
10	1	2017	0.028850159	0.358064516	0.451	-9999	0	
11	1	2017	0.017419728	0.358064516	0.421	-9999	0	
12	1	2017	10.09686279	0.358064516	0.417	-9999	0	
13	1	2017	1.588690281	0.358064516	0.442	-9999	0	
14	1	2017	1.361529946	0.358064516	0.42	-9999	0	
15	1	2017	2.874836922	0.358064516	0.441	-9999	0	
16	1	2017	0.010252688	0.358064516	0.452	-9999	0	
17	1	2017	0.002295411	0.358064516	0.449	-9999	0	
18	1	2017	0.01495246	0.358064516	0.413	-9999	0	
19	1	2017	0.003649204	0.358064516	0.4	-9999	0	
20	1	2017	0.11175295	0.358064516	0.434	-9999	0	
21	1	2017	0.004446568	0.358064516	0.441	-9999	0	
22	1	2017	0	0.358064516	0.432	-9999	0	
23	1	2017	0.159400821	0.358064516	0.426	-9999	0	
24	1	2017	0.071384609	0.358064516	0.425	-9999	0	
25	1	2017	0.183478385	0.358064516	0.453	-9999	0	
26	1	2017	0	0.358064516	0.406	-9999	0	
27	1	2017	0.156156555	0.358064516	0.43	-9999	0	
28	1	2017	0.465013117	0.358064516	0.43	-9999	0	
29	1	2017	8.53264904	0.358064516	0.454	-9999	0	
30	1	2017	0.034635182	0.358064516	0.452	15.86	0	
31	1	2017	7.570587158	0.358064516	0.431	-9999	0	
1	2	2017	2.307443142	0.678571429	0.479	-9999	0	
2	2	2017	0.045139994	0.678571429	0.464	-9999	0	
3	2	2017	0.631492317	0.678571429	0.446	-9999	0	
4	2	2017	0.58329308	0.678571429	0.431	-9999	0	
5	2	2017	0.009306919	0.678571429	0.456	-9999	0	
6	2	2017	3.373561621	0.678571429	0.408	-9999	0	
7	2	2017	1.092236042	0.678571429	0.437	-9999	0	
8	2	2017	0.172584966	0.678571429	0.461	-9999	0	
9	2	2017	0.111378714	0.678571429	0.449	-9999	0	
10	2	2017	0.506794572	0.678571429	0.429	-9999	0	
11	2	2017	4.570585251	0.678571429	0.457	-9999	0	
12	2	2017	0.188702017	0.678571429	0.455	-9999	0	
13	2	2017	0.001968153	0.678571429	0.46	-9999	0	
14	2	2017	0.289873838	0.678571429	0.434	-9999	0	
15	2	2017	0.807777166	0.678571429	0.441	-9999	0	
16	2	2017	0.472650468	0.678571429	0.431	-9999	0	
17	2	2017	0.001055701	0.678571429	0.433	-9999	0	
18	2	2017	0.000583844	0.678571429	0.426	-9999	0	
19	2	2017	0	0.678571429	0.418	-9999	0	
20	2	2017	0.681560159	0.678571429	0.408	16.3	0	
21	2	2017	0.433365971	0.678571429	0.377	-9999	0	
22	2	2017	10.60790062	0.678571429	0.42	-9999	0	
23	2	2017	0.59184128	0.678571429	0.45	-9999	0	
24	2	2017	0.049047377	0.678571429	0.432	-9999	0	
25	2	2017	0.591730952	0.678571429	0.436	-9999	0	
26	2	2017	4.891989708	0.678571429	0.426	-9999	0	
27	2	2017	3.78060174	0.678571429	0.463	-9999	0	
28	2	2017	3.282726526	0.678571429	0.468	-9999	0	
1	3	2017	1.799855709	1.464516129	0.44	-9999	0	
2	3	2017	0.530177832	1.464516129	0.454	-9999	0	
3	3	2017	1.591330886	1.464516129	0.434	-9999	0	
4	3	2017	0.13711752	1.464516129	0.441	-9999	0	
5	3	2017	5.748495579	1.464516129	0.456	-9999	0	
6	3	2017	1.159102321	1.464516129	0.431	-9999	0	
7	3	2017	3.909758806	1.464516129	0.435	-9999	0	
8	3	2017	1.937134504	1.464516129	0.456	-9999	0	
9	3	2017	0.07297276	1.464516129	0.41	-9999	0	
10	3	2017	0	1.464516129	0.411	-9999	0	
11	3	2017	0.000809743	1.464516129	0.432	-9999	0	
12	3	2017	0.007677066	1.464516129	0.428	-9999	0	
13	3	2017	0.000256292	1.464516129	0.401	-9999	0	
14	3	2017	0.000325286	1.464516129	0.423	-9999	0	
15	3	2017	0.000882435	1.464516129	0.398	-9999	0	
16	3	2017	0	1.464516129	0.39	-9999	0	
17	3	2017	0.00839364	1.464516129	0.358	-9999	0	
18	3	2017	0.72001636	1.464516129	0.348	-9999	0	
19	3	2017	2.220505476	1.464516129	0.352	-9999	0	
20	3	2017	3.655712366	1.464516129	0.399	-9999	0	
21	3	2017	0.003260876	1.464516129	0.415	-9999	0	
22	3	2017	2.942703962	1.464516129	0.404	-9999	0	
23	3	2017	0.003941291	1.464516129	0.397	-9999	0	
24	3	2017	0.000691581	1.464516129	0.364	-9999	0	
25	3	2017	9.22E-05	1.464516129	0.332	-9999	0	
26	3	2017	0.000241147	1.464516129	0.336	-9999	0	
27	3	2017	0.001655532	1.464516129	0.335	17.28	0	
28	3	2017	0.304766506	1.464516129	0.336	-9999	0	
29	3	2017	0.04288996	1.464516129	0.358	-9999	0	
30	3	2017	0	1.464516129	0.345	-9999	0	
31	3	2017	0.003911997	1.464516129	0.327	-9999	0	
1	4	2017	0.016195616	2.216666667	0.319	-9999	0	
2	4	2017	0.001931213	2.216666667	0.316	-9999	0	
3	4	2017	0.000566334	2.216666667	0.321	-9999	0	
4	4	2017	7.53E-05	2.216666667	0.32	-9999	0	
5	4	2017	0	2.216666667	0.302	-9999	0	
6	4	2017	0	2.216666667	0.3	-9999	0	
7	4	2017	0.001040837	2.216666667	0.328	-9999	0	
8	4	2017	0.001887336	2.216666667	0.312	-9999	0	
9	4	2017	0	2.216666667	0.289	-9999	0	
10	4	2017	0	2.216666667	0.293	-9999	0	
11	4	2017	0	2.216666667	0.283	-9999	0	
12	4	2017	0.004881342	2.216666667	0.283	-9999	0	
13	4	2017	0.001804482	2.216666667	0.276	17.24	0	
14	4	2017	1.233257174	2.216666667	0.282	-9999	0	
15	4	2017	0.019019498	2.216666667	0.28	-9999	0	
16	4	2017	1.235074162	2.216666667	0.271	-9999	0	
17	4	2017	0.040082544	2.216666667	0.279	-9999	0	
18	4	2017	0.001436769	2.216666667	0.271	-9999	0	
19	4	2017	0	2.216666667	0.301	-9999	0	
20	4	2017	0.233230591	2.216666667	0.296	-9999	0	
21	4	2017	0.07851959	2.216666667	0.288	-9999	0	
22	4	2017	0.000743846	2.216666667	0.272	-9999	0	
23	4	2017	0.000403698	2.216666667	0.28	-9999	0	
24	4	2017	0.205530539	2.216666667	0.278	-9999	0	
25	4	2017	1.401167631	2.216666667	0.258	-9999	0	
26	4	2017	2.124830723	2.216666667	0.266	-9999	0	
27	4	2017	0.731426954	2.216666667	0.273	-9999	0	
28	4	2017	0.002707109	2.216666667	0.265	-9999	0	
29	4	2017	0	2.216666667	0.274	-9999	0	
30	4	2017	2.140521765	2.216666667	0.248	-9999	0	
1	5	2017	0.00683371	3.116129032	0.269	-9999	0	
2	5	2017	0.125259534	3.116129032	0.276	-9999	0	
3	5	2017	0.942107081	3.116129032	0.28	-9999	0	
4	5	2017	0	3.116129032	0.265	-9999	0	
5	5	2017	0.000230942	3.116129032	0.267	-9999	0	
6	5	2017	0.001646404	3.116129032	0.255	-9999	0	
7	5	2017	0	3.116129032	0.241	-9999	0	
8	5	2017	0	3.116129032	0.246	-9999	0	
9	5	2017	0	3.116129032	0.251	-9999	0	
10	5	2017	0.000263605	3.116129032	0.245	-9999	0	
11	5	2017	0.990705073	3.116129032	0.234	-9999	0	
12	5	2017	0.028699137	3.116129032	0.252	-9999	0	
13	5	2017	0.640208066	3.116129032	0.252	-9999	0	
14	5	2017	0.141113743	3.116129032	0.242	-9999	0	
15	5	2017	0.589960039	3.116129032	0.242	-9999	0	
16	5	2017	21.18593407	3.116129032	0.251	-9999	0	
17	5	2017	10.32901192	3.116129032	0.362	-9999	0	
18	5	2017	18.39054871	3.116129032	0.384	-9999	0	
19	5	2017	0.125267893	3.116129032	0.436	-9999	0	
20	5	2017	0.917539656	3.116129032	0.422	-9999	0	
21	5	2017	0	3.116129032	0.405	-9999	0	
22	5	2017	0	3.116129032	0.383	-9999	0	
23	5	2017	0	3.116129032	0.375	-9999	0	
24	5	2017	0	3.116129032	0.355	-9999	0	
25	5	2017	0	3.116129032	0.346	16.39	0	
26	5	2017	0.009431741	3.116129032	0.334	-9999	0	
27	5	2017	5.276586056	3.116129032	0.33	-9999	0	
28	5	2017	10.71860409	3.116129032	0.334	-9999	0	
29	5	2017	0.029825591	3.116129032	0.405	-9999	0	
30	5	2017	0	3.116129032	0.39	-9999	0	
31	5	2017	4.44E-05	3.116129032	0.364	-9999	0	
1	6	2017	0	3.72	0.356	-9999	0	
2	6	2017	5.136707783	3.72	0.337	-9999	0	
3	6	2017	0.026531136	3.72	0.357	-9999	0	
4	6	2017	0.001046555	3.72	0.317	-9999	0	
5	6	2017	5.928561687	3.72	0.34	-9999	0	
6	6	2017	15.05902672	3.72	0.416	-9999	0	
7	6	2017	1.181086898	3.72	0.392	-9999	0	
8	6	2017	1.194563627	3.72	0.405	-9999	0	
9	6	2017	0.048493017	3.72	0.378	-9999	0	
10	6	2017	0.000285237	3.72	0.367	-9999	0	
11	6	2017	0	3.72	0.345	-9999	0	
12	6	2017	9.22E-05	3.72	0.327	-9999	0	
13	6	2017	0.006904571	3.72	0.314	-9999	0	
14	6	2017	0	3.72	0.294	-9999	0	
15	6	2017	0	3.72	0.3	-9999	0	
16	6	2017	0	3.72	0.282	-9999	0	
17	6	2017	0	3.72	0.291	-9999	0	
18	6	2017	0.00012428	3.72	0.284	-9999	0	
19	6	2017	0	3.72	0.284	-9999	0	
20	6	2017	0	3.72	0.261	15.97	0	
21	6	2017	0	3.72	0.261	-9999	0	
22	6	2017	0.900770664	3.72	0.257	-9999	0	
23	6	2017	0.015446095	3.72	0.24	-9999	0	
24	6	2017	9.28E-05	3.72	0.24	-9999	0	
25	6	2017	0.005138716	3.72	0.248	-9999	0	
26	6	2017	0	3.72	0.221	-9999	0	
27	6	2017	25.75753593	3.72	0.241	-9999	0	
28	6	2017	0.03128114	3.72	0.366	-9999	0	
29	6	2017	0.003806041	3.72	0.353	-9999	0	
30	6	2017	0.455974013	3.72	0.344	-9999	0	
1	7	2017	0.007185711	3.229032258	0.328	-9999	0	
2	7	2017	0.013739356	3.229032258	0.305	-9999	0	
3	7	2017	0.07858777	3.229032258	0.287	-9999	0	
4	7	2017	0	3.229032258	0.292	-9999	0	
5	7	2017	6.50E-05	3.229032258	0.284	-9999	0	
6	7	2017	1.005865097	3.229032258	0.275	-9999	0	
7	7	2017	0.068208307	3.229032258	0.26	-9999	0	
8	7	2017	0	3.229032258	0.244	-9999	0	
9	7	2017	0.000260819	3.229032258	0.248	-9999	0	
10	7	2017	2.562540531	3.229032258	0.266	-9999	0	
11	7	2017	20.37820053	3.229032258	0.281	-9999	0	
12	7	2017	0.004767189	3.229032258	0.356	-9999	0	
13	7	2017	0.024914876	3.229032258	0.347	-9999	0	
14	7	2017	0	3.229032258	0.335	-9999	0	
15	7	2017	0.004988551	3.229032258	0.317	-9999	0	
16	7	2017	0.534943402	3.229032258	0.316	-9999	0	
17	7	2017	0	3.229032258	0.303	-9999	0	
18	7	2017	7.833939075	3.229032258	0.297	-9999	0	
19	7	2017	0.114366248	3.229032258	0.328	-9999	0	
20	7	2017	1.211881042	3.229032258	0.329	-9999	0	
21	7	2017	1.568230748	3.229032258	0.299	-9999	0	
22	7	2017	0.490585506	3.229032258	0.318	-9999	0	
23	7	2017	1.856279373	3.229032258	0.306	-9999	0	
24	7	2017	2.129123211	3.229032258	0.295	16.55	0	
25	7	2017	0.006479414	3.229032258	0.283	-9999	0	
26	7	2017	0.036558535	3.229032258	0.285	-9999	0	
27	7	2017	2.862952232	3.229032258	0.294	-9999	0	
28	7	2017	0.415667355	3.229032258	0.318	-9999	0	
29	7	2017	15.10520744	3.229032258	0.319	-9999	0	
30	7	2017	0.011462544	3.229032258	0.356	-9999	0	
31	7	2017	0.015102336	3.229032258	0.343	-9999	0	
1	8	2017	0.682374954	2.858064516	0.333	-9999	0	
2	8	2017	4.01221323	2.858064516	0.331	-9999	0	
3	8	2017	0.009453828	2.858064516	0.354	-9999	0	
4	8	2017	0.38515541	2.858064516	0.328	-9999	0	
5	8	2017	4.593971729	2.858064516	0.323	-9999	0	
6	8	2017	0.003680732	2.858064516	0.353	-9999	0	
7	8	2017	0.729820013	2.858064516	0.345	-9999	0	
8	8	2017	8.359333992	2.858064516	0.327	-9999	0	
9	8	2017	27.18941307	2.858064516	0.374	-9999	0	
10	8	2017	0.017742038	2.858064516	0.381	-9999	0	
11	8	2017	0.029861402	2.858064516	0.351	-9999	0	
12	8	2017	0.000756587	2.858064516	0.348	-9999	0	
13	8	2017	0.000252196	2.858064516	0.332	-9999	0	
14	8	2017	0.009995674	2.858064516	0.323	-9999	0	
15	8	2017	0.042950969	2.858064516	0.311	-9999	0	
16	8	2017	6.595662117	2.858064516	0.305	-9999	0	
17	8	2017	0.614616871	2.858064516	0.367	-9999	0	
18	8	2017	5.371649265	2.858064516	0.353	-9999	0	
19	8	2017	0.009455155	2.858064516	0.379	-9999	0	
20	8	2017	0.817392111	2.858064516	0.352	-9999	0	
21	8	2017	0.00073129	2.858064516	0.347	-9999	0	
22	8	2017	0.213700816	2.858064516	0.358	-9999	0	
23	8	2017	6.72E-05	2.858064516	0.341	-9999	0	
24	8	2017	0	2.858064516	0.328	-9999	0	
25	8	2017	0.000122863	2.858064516	0.323	-9999	0	
26	8	2017	0.000107505	2.858064516	0.312	-9999	0	
27	8	2017	0	2.858064516	0.3	-9999	0	
28	8	2017	0.000119494	2.858064516	0.311	-9999	0	
29	8	2017	1.512072086	2.858064516	0.295	-9999	0	
30	8	2017	4.747783661	2.858064516	0.304	-9999	0	
31	8	2017	3.021065712	2.858064516	0.337	14.89	0	
1	9	2017	0.139513031	1.906666667	0.356	-9999	0	
2	9	2017	0.087248765	1.906666667	0.326	-9999	0	
3	9	2017	2.20466733	1.906666667	0.324	-9999	0	
4	9	2017	0.333327919	1.906666667	0.346	-9999	0	
5	9	2017	0.484979093	1.906666667	0.331	-9999	0	
6	9	2017	0.076426446	1.906666667	0.319	-9999	0	
7	9	2017	0.856037199	1.906666667	0.319	-9999	0	
8	9	2017	2.625073671	1.906666667	0.357	-9999	0	
9	9	2017	1.795684218	1.906666667	0.342	-9999	0	
10	9	2017	1.268463135	1.906666667	0.344	-9999	0	
11	9	2017	2.928637981	1.906666667	0.352	-9999	0	
12	9	2017	4.193433762	1.906666667	0.368	-9999	0	
13	9	2017	0.44631815	1.906666667	0.356	-9999	0	
14	9	2017	0.606799066	1.906666667	0.334	-9999	0	
15	9	2017	3.522187233	1.906666667	0.347	-9999	0	
16	9	2017	3.742889881	1.906666667	0.373	-9999	0	
17	9	2017	3.851101637	1.906666667	0.388	-9999	0	
18	9	2017	1.326720476	1.906666667	0.397	-9999	0	
19	9	2017	0.087762564	1.906666667	0.383	-9999	0	
20	9	2017	0.061136696	1.906666667	0.365	-9999	0	
21	9	2017	0.677788973	1.906666667	0.346	-9999	0	
22	9	2017	0.038850252	1.906666667	0.344	-9999	0	
23	9	2017	0.01691498	1.906666667	0.349	-9999	0	
24	9	2017	0.004012814	1.906666667	0.319	-9999	0	
25	9	2017	0.218610406	1.906666667	0.326	-9999	0	
26	9	2017	0.058955658	1.906666667	0.339	14.57	0	
27	9	2017	4.085796356	1.906666667	0.331	-9999	0	
28	9	2017	1.183913827	1.906666667	0.368	-9999	0	
29	9	2017	0.999426067	1.906666667	0.375	-9999	0	
30	9	2017	0.423197448	1.906666667	0.357	-9999	0	
1	10	2017	0.175961241	1.419354839	0.368	-9999	0	
2	10	2017	0.000773027	1.419354839	0.35	-9999	0	
3	10	2017	2.72E-05	1.419354839	0.307	-9999	0	
4	10	2017	0.790850937	1.419354839	0.317	-9999	0	
5	10	2017	0.006808584	1.419354839	0.311	-9999	0	
6	10	2017	0.003126104	1.419354839	0.295	-9999	0	
7	10	2017	2.355884314	1.419354839	0.317	-9999	0	
8	10	2017	0.00619072	1.419354839	0.308	-9999	0	
9	10	2017	0.16582647	1.419354839	0.305	-9999	0	
10	10	2017	0.259418666	1.419354839	0.315	-9999	0	
11	10	2017	0.194230199	1.419354839	0.315	-9999	0	
12	10	2017	0.004632093	1.419354839	0.314	-9999	0	
13	10	2017	0.000141525	1.419354839	0.31	-9999	0	
14	10	2017	0.079593137	1.419354839	0.317	-9999	0	
15	10	2017	0.034194954	1.419354839	0.307	-9999	0	
16	10	2017	0.002574138	1.419354839	0.301	-9999	0	
17	10	2017	0.006614389	1.419354839	0.285	-9999	0	
18	10	2017	3.671397924	1.419354839	0.322	-9999	0	
19	10	2017	3.307193279	1.419354839	0.339	-9999	0	
20	10	2017	2.536164761	1.419354839	0.379	-9999	0	
21	10	2017	0.254619956	1.419354839	0.376	-9999	0	
22	10	2017	0.002523235	1.419354839	0.352	-9999	0	
23	10	2017	0.034280892	1.419354839	0.328	-9999	0	
24	10	2017	0.009455883	1.419354839	0.354	-9999	0	
25	10	2017	0.001409634	1.419354839	0.337	-9999	0	
26	10	2017	0.11011859	1.419354839	0.332	-9999	0	
27	10	2017	0.006855681	1.419354839	0.304	14.18	0	
28	10	2017	0.355171472	1.419354839	0.315	-9999	0	
29	10	2017	0.080345429	1.419354839	0.29	-9999	0	
30	10	2017	0.007020919	1.419354839	0.314	-9999	0	
31	10	2017	0.002252543	1.419354839	0.32	-9999	0	
1	11	2017	0.078620449	0.716666667	0.322	-9999	0	
2	11	2017	0.000365232	0.716666667	0.324	-9999	0	
3	11	2017	1.591583014	0.716666667	0.326	-9999	0	
4	11	2017	1.826850533	0.716666667	0.332	-9999	0	
5	11	2017	0.01021476	0.716666667	0.338	-9999	0	
6	11	2017	0.002571955	0.716666667	0.338	-9999	0	
7	11	2017	1.710140586	0.716666667	0.342	-9999	0	
8	11	2017	0.247901276	0.716666667	0.355	-9999	0	
9	11	2017	0.035441305	0.716666667	0.36	-9999	0	
10	11	2017	2.341584444	0.716666667	0.334	-9999	0	
11	11	2017	0.028736001	0.716666667	0.329	-9999	0	
12	11	2017	1.187211871	0.716666667	0.337	-9999	0	
13	11	2017	0.355042577	0.716666667	0.356	-9999	0	
14	11	2017	0.099277668	0.716666667	0.387	-9999	0	
15	11	2017	0.088411532	0.716666667	0.36	-9999	0	
16	11	2017	0.06334836	0.716666667	0.373	-9999	0	
17	11	2017	0.075697705	0.716666667	0.355	-9999	0	
18	11	2017	0.002887347	0.716666667	0.353	-9999	0	
19	11	2017	0.656547606	0.716666667	0.325	-9999	0	
20	11	2017	0.814622879	0.716666667	0.35	-9999	0	
21	11	2017	0.111844845	0.716666667	0.379	-9999	0	
22	11	2017	1.268478751	0.716666667	0.366	-9999	0	
23	11	2017	0.005243222	0.716666667	0.354	-9999	0	
24	11	2017	0.000174773	0.716666667	0.35	-9999	0	
25	11	2017	0.082164802	0.716666667	0.344	-9999	0	
26	11	2017	4.906867504	0.716666667	0.333	-9999	0	
27	11	2017	0.866117895	0.716666667	0.365	-9999	0	
28	11	2017	0.317315519	0.716666667	0.389	-9999	0	
29	11	2017	0.983001471	0.716666667	0.381	-9999	0	
30	11	2017	4.364863873	0.716666667	0.367	-9999	0	
1	12	2017	0.231675446	0.367741935	0.397	-9999	0	
2	12	2017	0.047948532	0.367741935	0.395	-9999	0	
3	12	2017	0.168796733	0.367741935	0.377	-9999	0	
4	12	2017	0.105091147	0.367741935	0.406	-9999	0	
5	12	2017	0.000182112	0.367741935	0.379	-9999	0	
6	12	2017	0.066527337	0.367741935	0.395	-9999	0	
7	12	2017	2.655103207	0.367741935	0.393	-9999	0	
8	12	2017	0.001472994	0.367741935	0.395	-9999	0	
9	12	2017	0.605100691	0.367741935	0.383	-9999	0	
10	12	2017	13.36123657	0.367741935	0.373	-9999	0	
11	12	2017	0	0.367741935	0.373	-9999	0	
12	12	2017	4.468875885	0.367741935	0.373	-9999	0	
13	12	2017	14.57024288	0.367741935	0.436	-9999	0	
14	12	2017	1.656485438	0.367741935	0.412	-9999	0	
15	12	2017	2.190594435	0.367741935	0.438	13.74	0	
16	12	2017	0	0.367741935	0.407	-9999	0	
17	12	2017	2.530417681	0.367741935	0.408	-9999	0	
18	12	2017	0.022455577	0.367741935	0.444	-9999	0	
19	12	2017	0.398812234	0.367741935	0.428	-9999	0	
20	12	2017	0.397632241	0.367741935	0.445	-9999	0	
21	12	2017	0.059234865	0.367741935	0.425	-9999	0	
22	12	2017	0.050677646	0.367741935	0.399	-9999	0	
23	12	2017	0.000344255	0.367741935	0.429	-9999	0	
24	12	2017	0.000265767	0.367741935	0.409	-9999	0	
25	12	2017	3.015203476	0.367741935	0.423	-9999	0	
26	12	2017	12.24291706	0.367741935	0.44	-9999	0	
27	12	2017	3.343334198	0.367741935	0.451	-9999	0	
28	12	2017	4.093054295	0.367741935	0.448	-9999	0	
29	12	2017	12.57635689	0.367741935	0.442	-9999	0	
30	12	2017	1.957386971	0.367741935	0.409	-9999	0	
31	12	2017	2.997432709	0.367741935	0.448	-9999	0	
1	1	2018	0.267782718	0.55483871	0.432	-9999	0	
2	1	2018	7.273450375	0.55483871	0.436	-9999	0	
3	1	2018	1.129231095	0.55483871	0.404	-9999	0	
4	1	2018	0.393912017	0.55483871	0.405	-9999	0	
5	1	2018	0.278657138	0.55483871	0.425	-9999	0	
6	1	2018	0.254190534	0.55483871	0.419	-9999	0	
7	1	2018	0.000652741	0.55483871	0.408	-9999	0	
8	1	2018	0	0.55483871	0.392	-9999	0	
9	1	2018	0.756972134	0.55483871	0.396	-9999	0	
10	1	2018	6.928833008	0.55483871	0.455	-9999	0	
11	1	2018	0.902338684	0.55483871	0.472	-9999	0	
12	1	2018	0.01995931	0.55483871	0.457	-9999	0	
13	1	2018	0.000118146	0.55483871	0.444	-9999	0	
14	1	2018	3.429116249	0.55483871	0.43	-9999	0	
15	1	2018	2.610672951	0.55483871	0.457	-9999	0	
16	1	2018	0.009455299	0.55483871	0.395	-9999	0	
17	1	2018	2.482470751	0.55483871	0.413	-9999	0	
18	1	2018	0.610800028	0.55483871	0.411	-9999	0	
19	1	2018	0.184580997	0.55483871	0.415	-9999	0	
20	1	2018	3.635025978	0.55483871	0.401	-9999	0	
21	1	2018	10.12436199	0.55483871	0.438	-9999	0	
22	1	2018	1.49499011	0.55483871	0.424	-9999	0	
23	1	2018	0.83712095	0.55483871	0.437	-9999	0	
24	1	2018	4.906274796	0.55483871	0.453	-9999	0	
25	1	2018	0.024146166	0.55483871	0.448	-9999	0	
26	1	2018	0.091130815	0.55483871	0.418	-9999	0	
27	1	2018	1.576191425	0.55483871	0.438	-9999	0	
28	1	2018	0.008662558	0.55483871	0.423	-9999	0	
29	1	2018	0.794435441	0.55483871	0.427	-9999	0	
30	1	2018	0.267809004	0.55483871	0.437	-9999	0	
31	1	2018	1.945417881	0.55483871	0.419	15.45	0	
1	2	2018	3.380638361	0.660714286	0.438	-9999	0	
2	2	2018	0.201515868	0.660714286	0.434	-9999	0	
3	2	2018	0.048332408	0.660714286	0.433	-9999	0	
4	2	2018	0.242600217	0.660714286	0.428	-9999	0	
5	2	2018	0.178177118	0.660714286	0.425	-9999	0	
6	2	2018	1.389320612	0.660714286	0.414	-9999	0	
7	2	2018	0.38995707	0.660714286	0.447	-9999	0	
8	2	2018	6.691687584	0.660714286	0.429	-9999	0	
9	2	2018	1.194683671	0.660714286	0.449	-9999	0	
10	2	2018	2.322877884	0.660714286	0.455	-9999	0	
11	2	2018	0.17815049	0.660714286	0.436	-9999	0	
12	2	2018	0.010210726	0.660714286	0.405	-9999	0	
13	2	2018	0.826914191	0.660714286	0.428	-9999	0	
14	2	2018	9.286930084	0.660714286	0.441	-9999	0	
15	2	2018	0.018796975	0.660714286	0.445	-9999	0	
16	2	2018	0.074183337	0.660714286	0.401	-9999	0	
17	2	2018	0.00452529	0.660714286	0.42	-9999	0	
18	2	2018	0.876758873	0.660714286	0.44	-9999	0	
19	2	2018	5.819636345	0.660714286	0.443	-9999	0	
20	2	2018	2.049813986	0.660714286	0.485	-9999	0	
21	2	2018	0.190849036	0.660714286	0.441	-9999	0	
22	2	2018	0.000493266	0.660714286	0.447	-9999	0	
23	2	2018	0.000552357	0.660714286	0.42	-9999	0	
24	2	2018	7.24E-05	0.660714286	0.412	-9999	0	
25	2	2018	0.003099654	0.660714286	0.422	-9999	0	
26	2	2018	0	0.660714286	0.418	-9999	0	
27	2	2018	0	0.660714286	0.415	16.74	0	
28	2	2018	0	0.660714286	0.415	-9999	0	
1	3	2018	0	1.019354839	0.415	-9999	0	
2	3	2018	0	1.019354839	0.415	-9999	0	
3	3	2018	8.810548782	1.019354839	0.415	-9999	0	
4	3	2018	8.056215286	1.019354839	0.489	-9999	0	
5	3	2018	0.190019429	1.019354839	0.468	-9999	0	
6	3	2018	5.866131306	1.019354839	0.451	-9999	0	
7	3	2018	1.795148253	1.019354839	0.422	-9999	0	
8	3	2018	0.585546494	1.019354839	0.463	-9999	0	
9	3	2018	9.381867409	1.019354839	0.46	-9999	0	
10	3	2018	0.536232412	1.019354839	0.459	-9999	0	
11	3	2018	3.948066473	1.019354839	0.436	-9999	0	
12	3	2018	8.243808746	1.019354839	0.47	-9999	0	
13	3	2018	0.095031679	1.019354839	0.447	-9999	0	
14	3	2018	0.246681243	1.019354839	0.453	-9999	0	
15	3	2018	0.40273422	1.019354839	0.437	-9999	0	
16	3	2018	0.381128311	1.019354839	0.453	-9999	0	
17	3	2018	0	1.019354839	0.435	-9999	0	
18	3	2018	0	1.019354839	0.435	-9999	0	
19	3	2018	2.926077843	1.019354839	0.432	-9999	0	
20	3	2018	0.297351837	1.019354839	0.441	-9999	0	
21	3	2018	0.656809926	1.019354839	0.433	14.15	0	
22	3	2018	0.008135028	1.019354839	0.405	-9999	0	
23	3	2018	0.029125793	1.019354839	0.403	-9999	0	
24	3	2018	0.131610721	1.019354839	0.407	-9999	0	
25	3	2018	1.14E-05	1.019354839	0.398	-9999	0	
26	3	2018	1.194503903	1.019354839	0.379	-9999	0	
27	3	2018	2.634195089	1.019354839	0.384	-9999	0	
28	3	2018	7.704673767	1.019354839	0.417	-9999	0	
29	3	2018	2.963606596	1.019354839	0.437	-9999	0	
30	3	2018	10.52085495	1.019354839	0.441	-9999	0	
31	3	2018	3.597239256	1.019354839	0.442	-9999	0	
1	4	2018	12.19320297	1.963333333	0.429	-9999	0	
2	4	2018	1.037110448	1.963333333	0.48	-9999	0	
3	4	2018	0.017083026	1.963333333	0.429	-9999	0	
4	4	2018	0.709650874	1.963333333	0.435	-9999	0	
5	4	2018	0	1.963333333	0.421	-9999	0	
6	4	2018	0.006267624	1.963333333	0.441	-9999	0	
7	4	2018	3.575013638	1.963333333	0.45	-9999	0	
8	4	2018	1.928843021	1.963333333	0.455	-9999	0	
9	4	2018	5.161355019	1.963333333	0.451	-9999	0	
10	4	2018	0.553903282	1.963333333	0.495	-9999	0	
11	4	2018	0.168848321	1.963333333	0.473	-9999	0	
12	4	2018	0.448229998	1.963333333	0.459	-9999	0	
13	4	2018	0.000347098	1.963333333	0.476	-9999	0	
14	4	2018	8.79E-05	1.963333333	0.454	-9999	0	
15	4	2018	0.605326951	1.963333333	0.441	-9999	0	
16	4	2018	0.000440207	1.963333333	0.428	-9999	0	
17	4	2018	0.000194056	1.963333333	0.451	-9999	0	
18	4	2018	0	1.963333333	0.417	-9999	0	
19	4	2018	0	1.963333333	0.372	-9999	0	
20	4	2018	0	1.963333333	0.387	19	0	
21	4	2018	0.011299754	1.963333333	0.376	-9999	0	
22	4	2018	0.058587082	1.963333333	0.382	-9999	0	
23	4	2018	0	1.963333333	0.343	-9999	0	
24	4	2018	1.465830564	1.963333333	0.344	-9999	0	
25	4	2018	1.366590142	1.963333333	0.351	-9999	0	
26	4	2018	0.857878327	1.963333333	0.34	-9999	0	
27	4	2018	9.546051025	1.963333333	0.355	-9999	0	
28	4	2018	0.895644546	1.963333333	0.434	-9999	0	
29	4	2018	7.003732681	1.963333333	0.399	-9999	0	
30	4	2018	7.970947266	1.963333333	0.459	-9999	0	
1	5	2018	0.003989676	3.306451613	0.426	-9999	0	
2	5	2018	4.305574417	3.306451613	0.437	-9999	0	
3	5	2018	0.014048424	3.306451613	0.418	-9999	0	
4	5	2018	0	3.306451613	0.411	-9999	0	
5	5	2018	8.83E-05	3.306451613	0.39	-9999	0	
6	5	2018	0	3.306451613	0.388	-9999	0	
7	5	2018	0	3.306451613	0.368	-9999	0	
8	5	2018	0.001462483	3.306451613	0.367	-9999	0	
9	5	2018	0.119728036	3.306451613	0.358	-9999	0	
10	5	2018	0.069670223	3.306451613	0.339	-9999	0	
11	5	2018	0	3.306451613	0.321	-9999	0	
12	5	2018	10.16135979	3.306451613	0.339	-9999	0	
13	5	2018	0.000920187	3.306451613	0.423	-9999	0	
14	5	2018	0.000236917	3.306451613	0.409	-9999	0	
15	5	2018	0	3.306451613	0.348	-9999	0	
16	5	2018	0	3.306451613	0.364	-9999	0	
17	5	2018	6.42E-05	3.306451613	0.344	-9999	0	
18	5	2018	0	3.306451613	0.341	-9999	0	
19	5	2018	0	3.306451613	0.317	-9999	0	
20	5	2018	0	3.306451613	0.325	-9999	0	
21	5	2018	0	3.306451613	0.309	-9999	0	
22	5	2018	0	3.306451613	0.309	19.1	0	
23	5	2018	0.013207639	3.306451613	0.293	-9999	0	
24	5	2018	4.980276108	3.306451613	0.316	-9999	0	
25	5	2018	0.691687465	3.306451613	0.368	-9999	0	
26	5	2018	0.234129682	3.306451613	0.346	-9999	0	
27	5	2018	0.019849915	3.306451613	0.331	-9999	0	
28	5	2018	0.026572686	3.306451613	0.328	-9999	0	
29	5	2018	7.127020359	3.306451613	0.303	-9999	0	
30	5	2018	0.0779709	3.306451613	0.39	-9999	0	
31	5	2018	0.06819503	3.306451613	0.384	-9999	0	
1	6	2018	3.16862011	3.4	0.376	-9999	0	
2	6	2018	0.077893272	3.4	0.374	-9999	0	
3	6	2018	0.093547978	3.4	0.357	-9999	0	
4	6	2018	0.005362368	3.4	0.354	-9999	0	
5	6	2018	0.001725712	3.4	0.327	-9999	0	
6	6	2018	0.064651176	3.4	0.346	-9999	0	
7	6	2018	0.002059333	3.4	0.327	-9999	0	
8	6	2018	0	3.4	0.333	-9999	0	
9	6	2018	0.760308087	3.4	0.311	-9999	0	
10	6	2018	0.071482576	3.4	0.314	-9999	0	
11	6	2018	0.0008691	3.4	0.304	-9999	0	
12	6	2018	0.013772103	3.4	0.291	-9999	0	
13	6	2018	0.002475731	3.4	0.28	-9999	0	
14	6	2018	0	3.4	0.293	-9999	0	
15	6	2018	0.017900309	3.4	0.288	-9999	0	
16	6	2018	0.030485215	3.4	0.275	-9999	0	
17	6	2018	0.720599174	3.4	0.269	-9999	0	
18	6	2018	4.46E-05	3.4	0.288	-9999	0	
19	6	2018	0	3.4	0.29	-9999	0	
20	6	2018	0	3.4	0.272	-9999	0	
21	6	2018	0.000105934	3.4	0.27	-9999	0	
22	6	2018	2.34E-05	3.4	0.257	18.35	0	
23	6	2018	0	3.4	0.244	-9999	0	
24	6	2018	0	3.4	0.263	-9999	0	
25	6	2018	0	3.4	0.26	-9999	0	
26	6	2018	0	3.4	0.251	-9999	0	
27	6	2018	0	3.4	0.246	-9999	0	
28	6	2018	0.001158187	3.4	0.235	-9999	0	
29	6	2018	0	3.4	0.234	-9999	0	
30	6	2018	0	3.4	0.227	-9999	0	
1	7	2018	0	4.419354839	0.217	-9999	0	
2	7	2018	0	4.419354839	0.209	-9999	0	
3	7	2018	0	4.419354839	0.204	-9999	0	
4	7	2018	0	4.419354839	0.216	-9999	0	
5	7	2018	8.17E-05	4.419354839	0.208	-9999	0	
6	7	2018	0	4.419354839	0.199	-9999	0	
7	7	2018	0	4.419354839	0.209	-9999	0	
8	7	2018	0.004932835	4.419354839	0.2	-9999	0	
9	7	2018	0	4.419354839	0.201	-9999	0	
10	7	2018	0	4.419354839	0.203	-9999	0	
11	7	2018	2.85E-05	4.419354839	0.198	-9999	0	
12	7	2018	0	4.419354839	0.193	-9999	0	
13	7	2018	0	4.419354839	0.198	-9999	0	
14	7	2018	0	4.419354839	0.196	-9999	0	
15	7	2018	0	4.419354839	0.187	-9999	0	
16	7	2018	0	4.419354839	0.182	-9999	0	
17	7	2018	0	4.419354839	0.188	17.61	0	
18	7	2018	7.82E-05	4.419354839	0.186	-9999	0	
19	7	2018	0.014248523	4.419354839	0.175	-9999	0	
20	7	2018	0.02622195	4.419354839	0.182	-9999	0	
21	7	2018	0	4.419354839	0.185	-9999	0	
22	7	2018	0	4.419354839	0.187	-9999	0	
23	7	2018	0	4.419354839	0.188	-9999	0	
24	7	2018	0	4.419354839	0.189	-9999	0	
25	7	2018	0	4.419354839	0.184	-9999	0	
26	7	2018	0.060477894	4.419354839	0.175	-9999	0	
27	7	2018	15.80497265	4.419354839	0.193	-9999	0	
28	7	2018	0.798108518	4.419354839	0.261	-9999	0	
29	7	2018	3.168313026	4.419354839	0.27	-9999	0	
30	7	2018	14.6888504	4.419354839	0.3	-9999	0	
31	7	2018	0.005795453	4.419354839	0.293	-9999	0	
1	8	2018	0.01421205	3.064516129	0.282	-9999	0	
2	8	2018	0	3.064516129	0.276	-9999	0	
3	8	2018	0	3.064516129	0.267	-9999	0	
4	8	2018	0	3.064516129	0.26	-9999	0	
5	8	2018	0	3.064516129	0.238	-9999	0	
6	8	2018	0	3.064516129	0.242	-9999	0	
7	8	2018	5.22315073	3.064516129	0.236	-9999	0	
8	8	2018	0.408239812	3.064516129	0.274	-9999	0	
9	8	2018	17.50489426	3.064516129	0.287	-9999	0	
10	8	2018	11.74173737	3.064516129	0.356	-9999	0	
11	8	2018	1.416408062	3.064516129	0.347	-9999	0	
12	8	2018	3.024233341	3.064516129	0.348	-9999	0	
13	8	2018	0.435239911	3.064516129	0.367	-9999	0	
14	8	2018	2.15E-05	3.064516129	0.35	-9999	0	
15	8	2018	0.041508868	3.064516129	0.329	-9999	0	
16	8	2018	8.621855736	3.064516129	0.363	-9999	0	
17	8	2018	0.001149982	3.064516129	0.375	16.83	0	
18	8	2018	0.001834864	3.064516129	0.373	-9999	0	
19	8	2018	0	3.064516129	0.338	-9999	0	
20	8	2018	0.431607962	3.064516129	0.331	-9999	0	
21	8	2018	0.007549	3.064516129	0.309	-9999	0	
22	8	2018	0.116938375	3.064516129	0.306	-9999	0	
23	8	2018	1.069915533	3.064516129	0.309	-9999	0	
24	8	2018	1.379128218	3.064516129	0.288	-9999	0	
25	8	2018	0.034014933	3.064516129	0.301	-9999	0	
26	8	2018	8.183258057	3.064516129	0.339	-9999	0	
27	8	2018	0.001712317	3.064516129	0.354	-9999	0	
28	8	2018	2.280820131	3.064516129	0.326	-9999	0	
29	8	2018	1.353112936	3.064516129	0.349	-9999	0	
30	8	2018	0.009240396	3.064516129	0.324	-9999	0	
31	8	2018	0.000115251	3.064516129	0.317	-9999	0	
1	9	2018	0	2.28	0.289	-9999	0	
2	9	2018	0.073368832	2.28	0.296	-9999	0	
3	9	2018	0	2.28	0.303	-9999	0	
4	9	2018	3.265632629	2.28	0.298	-9999	0	
5	9	2018	0.147995979	2.28	0.295	-9999	0	
6	9	2018	2.314932108	2.28	0.285	-9999	0	
7	9	2018	0.000343009	2.28	0.287	-9999	0	
8	9	2018	0.009040904	2.28	0.282	-9999	0	
9	9	2018	8.82E-05	2.28	0.285	-9999	0	
10	9	2018	0	2.28	0.273	-9999	0	
11	9	2018	9.612399101	2.28	0.302	-9999	0	
12	9	2018	0.038072281	2.28	0.335	-9999	0	
13	9	2018	6.89E-05	2.28	0.328	-9999	0	
14	9	2018	0.000329733	2.28	0.305	-9999	0	
15	9	2018	0.001829931	2.28	0.308	-9999	0	
16	9	2018	0	2.28	0.274	-9999	0	
17	9	2018	0	2.28	0.276	-9999	0	
18	9	2018	3.07E-05	2.28	0.271	-9999	0	
19	9	2018	0.081788078	2.28	0.257	-9999	0	
20	9	2018	1.950055003	2.28	0.262	-9999	0	
21	9	2018	0.6342839	2.28	0.276	-9999	0	
22	9	2018	5.146168232	2.28	0.248	-9999	0	
23	9	2018	5.002840519	2.28	0.295	-9999	0	
24	9	2018	0.013201619	2.28	0.308	-9999	0	
25	9	2018	0	2.28	0.298	16	0	
26	9	2018	3.48E-05	2.28	0.29	-9999	0	
27	9	2018	0	2.28	0.277	-9999	0	
28	9	2018	0	2.28	0.262	-9999	0	
29	9	2018	5.86E-05	2.28	0.251	-9999	0	
30	9	2018	0.000740361	2.28	0.25	-9999	0	
1	10	2018	0.029572692	1.274193548	0.242	-9999	0	
2	10	2018	0.001432923	1.274193548	0.236	-9999	0	
3	10	2018	0.014933572	1.274193548	0.233	-9999	0	
4	10	2018	0.089741975	1.274193548	0.234	-9999	0	
5	10	2018	0.012463168	1.274193548	0.25	-9999	0	
6	10	2018	7.478486061	1.274193548	0.269	-9999	0	
7	10	2018	0.001345535	1.274193548	0.292	-9999	0	
8	10	2018	0.012587896	1.274193548	0.293	-9999	0	
9	10	2018	0.002737263	1.274193548	0.268	-9999	0	
10	10	2018	0.227949455	1.274193548	0.268	-9999	0	
11	10	2018	0.625937819	1.274193548	0.248	-9999	0	
12	10	2018	0.000470027	1.274193548	0.274	-9999	0	
13	10	2018	0.345205218	1.274193548	0.268	-9999	0	
14	10	2018	13.4383955	1.274193548	0.264	-9999	0	
15	10	2018	0.17521742	1.274193548	0.35	-9999	0	
16	10	2018	0.017318262	1.274193548	0.348	15.54	0	
17	10	2018	0.305949777	1.274193548	0.325	-9999	0	
18	10	2018	0.008409645	1.274193548	0.338	-9999	0	
19	10	2018	0.071748123	1.274193548	0.325	-9999	0	
20	10	2018	8.27E-05	1.274193548	0.311	-9999	0	
21	10	2018	0.523319244	1.274193548	0.31	-9999	0	
22	10	2018	0.001649021	1.274193548	0.3	-9999	0	
23	10	2018	0.000715416	1.274193548	0.291	-9999	0	
24	10	2018	0.075077035	1.274193548	0.281	-9999	0	
25	10	2018	0.117984712	1.274193548	0.286	-9999	0	
26	10	2018	0.242373481	1.274193548	0.265	-9999	0	
27	10	2018	4.726631641	1.274193548	0.271	-9999	0	
28	10	2018	0.965426922	1.274193548	0.293	-9999	0	
29	10	2018	1.233169317	1.274193548	0.289	-9999	0	
30	10	2018	2.135318518	1.274193548	0.292	-9999	0	
31	10	2018	10.26562881	1.274193548	0.298	-9999	0	
1	11	2018	6.86936903	0.59	0.341	-9999	0	
2	11	2018	0.020548793	0.59	0.362	-9999	0	
3	11	2018	0.000875602	0.59	0.338	-9999	0	
4	11	2018	0.03126543	0.59	0.33	-9999	0	
5	11	2018	0.093386769	0.59	0.343	-9999	0	
6	11	2018	1.338413477	0.59	0.324	-9999	0	
7	11	2018	0.201795623	0.59	0.342	-9999	0	
8	11	2018	0.083555385	0.59	0.331	-9999	0	
9	11	2018	7.136510849	0.59	0.351	-9999	0	
10	11	2018	16.45512581	0.59	0.384	-9999	0	
11	11	2018	0.040190354	0.59	0.367	-9999	0	
12	11	2018	0.080560543	0.59	0.355	-9999	0	
13	11	2018	0.009879578	0.59	0.367	-9999	0	
14	11	2018	0.09486109	0.59	0.364	-9999	0	
15	11	2018	0.277341723	0.59	0.389	-9999	0	
16	11	2018	0.569288254	0.59	0.382	14.93	0							
