NUMBER OF OBSERVATIONS							
540							
DAY	MONTH	YEAR	RAIN	PET	SOIL_VWC	GWL	ABS
31	1	1961	4.389826658	0.419355	-9999	70.665	0
28	2	1961	2.826724967	0.542857	-9999	67.605	0
31	3	1961	0.108698088	1.103226	-9999	59.25	0
30	4	1961	3.662676172	1.273333	-9999	55.072381	0
31	5	1961	1.302092588	2.6	-9999	54.118095	0
30	6	1961	0.992436702	2.69	-9999	49.261429	0
31	7	1961	1.54611208	2.722581	-9999	45.057273	0
31	8	1961	0.717801059	2.480645	-9999	42.109286	0
30	9	1961	2.978286538	1.496667	-9999	40.05	0
31	10	1961	3.102879062	1.283871	-9999	38.515	0
30	11	1961	1.96322929	0.533333	-9999	37.629	0
31	12	1961	4.005303267	0.354839	-9999	42.094118	0
31	1	1962	3.963857285	0.480645	-9999	58.15	0
28	2	1962	0.758059084	0.689286	-9999	56.381429	0
31	3	1962	1.495398401	0.974194	-9999	50.61	0
30	4	1962	2.025258348	1.796667	-9999	47.795714	0
31	5	1962	1.406431831	2.164516	-9999	46.484286	0
30	6	1962	0.347405526	2.916667	-9999	44.44	0
31	7	1962	1.54244708	2.532258	-9999	42.174545	0
31	8	1962	3.378868571	2.425806	-9999	40.253636	0
30	9	1962	4.094388149	1.656667	-9999	39.115	0
31	10	1962	2.118021071	0.970968	-9999	39.26	0
30	11	1962	2.568302796	0.526667	-9999	42.08	0
31	12	1962	1.37165176	0.325806	-9999	46.098571	0
31	1	1963	0.715147592	0.270968	-9999	46.757143	0
28	2	1963	2.211203814	0.435714	-9999	45.45	0
31	3	1963	4.184399458	1.025806	-9999	64.904286	0
30	4	1963	3.881693211	1.496667	-9999	66.54	0
31	5	1963	1.568010612	2.554839	-9999	57.497143	0
30	6	1963	2.363447377	2.656667	-9999	51.455714	0
31	7	1963	1.407611655	2.474194	-9999	46.824286	0
31	8	1963	2.834743452	2.396774	-9999	42.79	0
30	9	1963	2.70602676	1.53	-9999	41.641429	0
31	10	1963	2.376395006	0.787097	-9999	41.497143	0
30	11	1963	5.910511676	0.78	-9999	69.03	0
31	12	1963	1.127859313	0.290323	-9999	58.9325	0
31	1	1964	0.726914043	0.203226	-9999	51.495714	0
29	2	1964	1.132791913	0.42069	-9999	47.88	0
31	3	1964	4.320497346	0.909677	-9999	64.957143	0
30	4	1964	2.847334895	1.62	-9999	58.117143	0
31	5	1964	2.964763589	2.567742	-9999	55.35	0
30	6	1964	3.027364399	2.53	-9999	51.1525	0
31	7	1964	0.838859633	2.583871	-9999	47.681429	0
31	8	1964	1.24351114	2.329032	-9999	44.698571	0
30	9	1964	0.82631547	1.99	-9999	43.28	0
31	10	1964	2.000143965	0.906452	-9999	39.9	0
30	11	1964	2.533350695	0.42	-9999	38.4	0
31	12	1964	2.326781086	0.351613	-9999	38.247143	0
31	1	1965	3.267297918	0.380645	-9999	45.003571	0
28	2	1965	0.526990274	0.475	-9999	47.112857	0
31	3	1965	2.777141057	1.029032	-9999	47.159091	0
30	4	1965	1.128001382	1.74	-9999	48.906667	0
31	5	1965	1.731690082	2.487097	-9999	46.048182	0
30	6	1965	2.565996842	2.283333	-9999	43.673636	0
31	7	1965	2.759215064	2.112903	-9999	41.97	0
31	8	1965	2.399812791	2.154839	-9999	41.04	0
30	9	1965	3.901433895	1.42	-9999	42.753333	0
31	10	1965	0.46605801	1.051613	-9999	43.627143	0
30	11	1965	4.067906138	0.653333	-9999	45.207143	0
31	12	1965	4.993312633	0.36129	-9999	72.2175	0
31	1	1966	1.84808686	0.329032	-9999	62.537143	0
28	2	1966	4.676045247	0.55	-9999	70.194286	0
31	3	1966	0.812766071	1.090323	-9999	62.148571	0
30	4	1966	4.288853842	1.303333	-9999	66.02	0
31	5	1966	2.048258109	2.480645	-9999	59.123636	0
30	6	1966	2.790783922	3.076667	-9999	51.666364	0
31	7	1966	2.718093684	2.719355	-9999	46.215	0
31	8	1966	3.17875856	2.303226	-9999	45.38	0
30	9	1966	0.905361562	1.873333	-9999	43.748	0
31	10	1966	4.838956421	1.109677	-9999	49.278571	0
30	11	1966	2.103909807	0.613333	-9999	51.648571	0
31	12	1966	2.759685614	0.435484	-9999	53.15	0
31	1	1967	2.849373195	0.309677	-9999	56.693571	0
28	2	1967	2.800409557	0.685714	-9999	62.42	0
31	3	1967	1.851513933	1.341935	-9999	63.597143	0
30	4	1967	1.798514007	2.023333	-9999	54.895455	0
31	5	1967	3.881652714	2.719355	-9999	49.610909	0
30	6	1967	1.347292331	2.803333	-9999	47.869091	0
31	7	1967	1.106864265	3.016129	-9999	45.505	0
31	8	1967	2.353629184	2.512903	-9999	42.5	0
30	9	1967	3.198716086	1.893333	-9999	40.14	0
31	10	1967	4.369655581	1.432258	-9999	43.265714	0
30	11	1967	2.409323383	0.563333	-9999	52.758571	0
31	12	1967	2.516388456	0.351613	-9999	56.145	0
31	1	1968	2.645304746	0.46129	-9999	61.154286	0
29	2	1968	1.715793018	0.617241	-9999	54.948571	0
31	3	1968	0.856320604	1.341935	-9999	50.632857	0
30	4	1968	2.945998188	1.74	-9999	46.37	0
31	5	1968	3.014698624	2.341935	-9999	42.275714	0
30	6	1968	3.629847197	2.673333	-9999	46.172857	0
31	7	1968	2.145601853	2.619355	-9999	48.148571	0
31	8	1968	1.582226225	2.235484	-9999	46.28	0
30	9	1968	6.245187721	1.87	-9999	61.915	0
31	10	1968	3.230796358	1.006452	-9999	60.828333	0
30	11	1968	1.410363196	0.476667	-9999	61.015	0
31	12	1968	3.090834693	0.329032	-9999	59.3125	0
31	1	1969	3.829500657	0.396774	-9999	70.416667	0
28	2	1969	1.736223356	0.517857	-9999	63.884615	0
31	3	1969	2.762765373	0.909677	-9999	64.428571	0
30	4	1969	1.197701541	1.976667	-9999	53.571429	0
31	5	1969	3.216671205	2.380645	-9999	48.4	0
30	6	1969	0.82833677	3.33	-9999	45.214286	0
31	7	1969	1.871142476	3.051613	-9999	43.735714	0
31	8	1969	1.932300397	2.574194	-9999	40.628571	0
30	9	1969	0.561533579	1.616667	-9999	38.692857	0
31	10	1969	0.1122212	0.977419	-9999	37.757143	0
30	11	1969	4.246330808	0.81	-9999	36.471429	0
31	12	1969	2.825861701	0.364516	-9999	36.402857	0
31	1	1970	4.469785132	0.270968	-9999	50.14	0
28	2	1970	2.983704546	0.785714	-9999	56.9	0
31	3	1970	1.574602859	1.080645	-9999	58.04	0
30	4	1970	2.19858486	1.603333	-9999	50.614286	0
31	5	1970	1.018228813	2.619355	-9999	48.434286	0
30	6	1970	1.080277047	3.486667	-9999	48.39	0
31	7	1970	2.058079274	2.896774	-9999	42.151429	0
31	8	1970	2.091457601	2.503226	-9999	38.961429	0
30	9	1970	2.934514823	1.943333	-9999	37.794286	0
31	10	1970	0.926433575	1.164516	-9999	36.48	0
30	11	1970	8.685622494	0.813333	-9999	55.417143	0
31	12	1970	0.934440085	0.364516	-9999	54.83	0
31	1	1971	3.398847832	0.454839	-9999	65.895714	0
28	2	1971	1.250470667	0.603571	-9999	60.772857	0
31	3	1971	2.441757216	1.106452	-9999	57.94	0
30	4	1971	2.111960145	1.716667	-9999	52.172857	0
31	5	1971	1.400748695	2.706452	-9999	47.941111	0
30	6	1971	4.103272767	2.683333	-9999	45.488571	0
31	7	1971	0.903006643	3.070968	-9999	44.1	0
31	8	1971	2.160374837	2.458065	-9999	41.802857	0
30	9	1971	0.159391413	1.903333	-9999	39.61	0
31	10	1971	1.667385299	1.183871	-9999	37.805714	0
30	11	1971	2.704988935	0.65	-9999	36.365714	0
31	12	1971	0.913569197	0.335484	-9999	36.4	0
31	1	1972	3.403114669	0.367742	-9999	41.974286	0
29	2	1972	3.404746463	0.472414	-9999	60.217143	0
31	3	1972	2.109377175	1.43871	-9999	58.158571	0
30	4	1972	2.334556947	2.32	-9999	51.107143	0
31	5	1972	1.975866844	2.73871	-9999	48.045714	0
30	6	1972	1.464086263	2.433333	-9999	45.114286	0
31	7	1972	1.228943659	2.741935	-9999	42.618571	0
31	8	1972	0.537443239	2.612903	-9999	40.325714	0
30	9	1972	1.207957669	1.703333	-9999	38.3	0
31	10	1972	0.813333156	1.122581	-9999	36.64	0
30	11	1972	3.408939379	0.606667	-9999	35.308571	0
31	12	1972	3.181259092	0.387097	-9999	42.924286	0
31	1	1973	1.327667922	0.296774	-9999	41.63	0
28	2	1973	0.952899663	0.507143	-9999	41.974286	0
31	3	1973	0.696394854	0.929032	-9999	43.85	0
30	4	1973	1.708875248	1.786667	-9999	42.751429	0
31	5	1973	2.564764026	2.545161	-9999	40.83	0
30	6	1973	1.823898724	3.08	-9999	41.31	0
31	7	1973	2.236947636	2.522581	-9999	38.96	0
31	8	1973	1.116898593	2.9	-9999	38.29125	0
30	9	1973	2.694008901	2.253333	-9999	36.87	0
31	10	1973	1.494316557	0.912903	-9999	35.515	0
30	11	1973	1.130152693	0.6	-9999	34.78	0
31	12	1973	1.92897737	0.348387	-9999	33.46	0
31	1	1974	3.913591279	0.470968	-9999	45.65375	0
28	2	1974	4.20364049	0.621429	-9999	65.331429	0
31	3	1974	0.887116501	1	-9999	53.978571	0
30	4	1974	0.392513604	2.09	-9999	48.734286	0
31	5	1974	1.390747686	2.906452	-9999	43.025714	0
30	6	1974	2.681908446	3.033333	-9999	41.722857	0
31	7	1974	1.516068042	2.983871	-9999	40.08	0
31	8	1974	2.897857441	2.535484	-9999	38.278462	0
30	9	1974	7.305085945	1.943333	-9999	46.597143	0
31	10	1974	2.161803897	1.058065	-9999	50.978571	0
30	11	1974	6.449567247	0.593333	-9999	75.65	0
31	12	1974	1.962442044	0.567742	-9999	61.952857	0
31	1	1975	4.323259763	0.551613	-9999	70.76	0
28	2	1975	1.158159626	0.467857	-9999	64.127143	0
31	3	1975	3.649065252	0.935484	-9999	58.9	0
30	4	1975	2.263212469	1.633333	-9999	60.044286	0
31	5	1975	1.387177473	2.567742	-9999	54.44	0
30	6	1975	0.255892487	4.006667	-9999	47.875714	0
31	7	1975	0.769333706	3.216129	-9999	43.711667	0
31	8	1975	1.9338826	3.080645	-9999	40.77	0
30	9	1975	5.691429678	2.026667	-9999	39.345714	0
31	10	1975	0.948632757	0.922581	-9999	37.714286	0
30	11	1975	2.497628247	0.513333	-9999	37.808571	0
31	12	1975	1.248253843	0.225806	-9999	37.931429	0
31	1	1976	0.59228601	0.535484	-9999	38.53	0
29	2	1976	1.40937448	0.358621	-9999	38.64	0
31	3	1976	0.680712223	1.070968	-9999	38.211429	0
30	4	1976	0.251386144	1.916667	-9999	37.88	0
31	5	1976	0.589834364	2.951613	-9999	37.48	0
30	6	1976	0.489656544	3.543333	-9999	36.281429	0
31	7	1976	0.549751344	4.070968	-9999	34.95	0
31	8	1976	0.250586019	3.625806	-9999	33.602857	0
30	9	1976	5.395277666	1.763333	-9999	33.83	0
31	10	1976	6.467116307	1	-9999	38.941429	0
30	11	1976	5.437326013	0.48	-9999	56.74	0
31	12	1976	2.989407626	0.296774	-9999	65.53	0
31	1	1977	3.243690994	0.374194	-9999	65.0875	0
28	2	1977	4.30008698	0.671429	-9999	70.1775	0
31	3	1977	2.720886693	1.129032	-9999	61.235714	0
30	4	1977	1.192658413	1.923333	-9999	59.33	0
31	5	1977	1.610183601	3.280645	-9999	50.468571	0
30	6	1977	1.775690571	2.356667	-9999	47.1475	0
31	7	1977	0.921696058	3.351613	-9999	44.261429	0
31	8	1977	3.709204479	2.177419	-9999	40.83	0
30	9	1977	1.262503255	1.576667	-9999	39.223077	0
31	10	1977	1.735035323	1.23871	-9999	38.28	0
30	11	1977	3.197432552	0.946667	-9999	38.536	0
31	12	1977	4.27073533	0.464516	-9999	51.897143	0
31	1	1978	3.363366922	0.535484	-9999	61.9	0
28	2	1978	2.573292153	0.642857	-9999	60.25	0
31	3	1978	2.8701033	1.158065	-9999	58.85	0
30	4	1978	2.094062994	1.713333	-9999	57.771429	0
31	5	1978	1.497119376	2.735484	-9999	54.237143	0
30	6	1978	1.505934012	2.913333	-9999	48.98	0
31	7	1978	2.3906963	2.593548	-9999	44.47	0
31	8	1978	1.60835543	2.474194	-9999	41.424286	0
30	9	1978	0.711098555	2.046667	-9999	39.241667	0
31	10	1978	0.310967533	1.112903	-9999	37.525	0
30	11	1978	0.606111983	0.693333	-9999	36.194286	0
31	12	1978	5.935801508	0.496774	-9999	37.06	0
31	1	1979	3.456785433	0.367742	-9999	45.385714	0
28	2	1979	2.706586183	0.592857	-9999	57.571429	0
31	3	1979	3.359364286	1.154839	-9999	59.022857	0
30	4	1979	2.480743468	1.803333	-9999	59.956	0
31	5	1979	3.620181091	2.509677	-9999	52.132857	0
30	6	1979	1.403861767	2.336667	-9999	49.518	0
31	7	1979	1.573866827	3.051613	-9999	45.875	0
31	8	1979	2.45399111	2.409677	-9999	42.753333	0
30	9	1979	1.096493234	1.843333	-9999	40.412857	0
31	10	1979	3.052827443	1.132258	-9999	38.757143	0
30	11	1979	2.857629277	0.586667	-9999	40.791429	0
31	12	1979	4.322915494	0.577419	-9999	60.085714	0
31	1	1980	1.815936289	0.377419	-9999	56.998571	0
29	2	1980	3.271189146	0.555172	-9999	61.86	0
31	3	1980	3.127943195	1.048387	-9999	58.908571	0
30	4	1980	0.450770167	2.1	-9999	57.595	0
31	5	1980	1.00357559	3.151613	-9999	49.74	0
30	6	1980	4.300630932	2.76	-9999	45.132	0
31	7	1980	2.554169061	2.677419	-9999	42.276667	0
31	8	1980	2.50980286	2.445161	-9999	41	0
30	9	1980	2.39584976	1.91	-9999	40.34	0
31	10	1980	3.809706708	1.164516	-9999	44.06	0
30	11	1980	1.874036758	0.683333	-9999	54.491429	0
31	12	1980	1.784810641	0.435484	-9999	54.875	0
31	1	1981	1.38617579	0.474194	-9999	51.214	0
28	2	1981	1.792040099	0.507143	-9999	49.3	0
31	3	1981	5.897670943	1.080645	-9999	68.73	0
30	4	1981	1.432008009	1.823333	-9999	60.8	0
31	5	1981	3.300689213	2.2	-9999	54.681111	0
30	6	1981	1.25098678	2.403333	-9999	52.652857	0
31	7	1981	1.47935383	2.551613	-9999	46.22	0
31	8	1981	1.22462065	2.525806	-9999	44.211724	0
30	9	1981	5.572875418	1.936667	-9999	41.494286	0
31	10	1981	3.596928127	1.203226	-9999	46.894286	0
30	11	1981	1.468285705	0.566667	-9999	48.988571	0
31	12	1981	3.642179838	0.341935	-9999	57.251429	0
31	1	1982	1.523287527	0.429032	-9999	59.346667	0
28	2	1982	1.690025153	0.507143	-9999	53.773333	0
31	3	1982	2.895545845	1.312903	-9999	60.72	0
30	4	1982	0.708468838	2.14	-9999	53.572308	0
31	5	1982	2.181641568	2.816129	-9999	48.116667	0
30	6	1982	2.741712834	2.98	-9999	44.620732	0
31	7	1982	0.993390766	2.919355	-9999	41.738571	0
31	8	1982	1.996512592	2.6	-9999	40.008571	0
30	9	1982	2.746228836	1.886667	-9999	37.26	0
31	10	1982	5.608521428	0.877419	-9999	51.477143	0
30	11	1982	3.781689655	0.856667	-9999	54.945714	0
31	12	1982	3.734860425	0.487097	-9999	71.601429	0
31	1	1983	2.714537291	0.603226	-9999	63.476429	0
28	2	1983	1.417866704	0.75	-9999	58.083077	0
31	3	1983	1.87201853	1.083871	-9999	52.439333	0
30	4	1983	3.401380301	1.77	-9999	55.426667	0
31	5	1983	2.930383117	2.345161	-9999	55.094286	0
30	6	1983	1.897873482	2.86	-9999	51.88	0
31	7	1983	1.125258334	3.677419	-9999	46.67	0
31	8	1983	0.881202122	3.016129	-9999	43.7175	0
30	9	1983	2.864451063	1.903333	-9999	40.695714	0
31	10	1983	1.69927929	1.051613	-9999	39.124286	0
30	11	1983	1.766008428	0.496667	-9999	37.955714	0
31	12	1983	3.207623152	0.377419	-9999	43.463333	0
31	1	1984	4.903739218	0.583871	-9999	64.337143	0
29	2	1984	1.484173228	0.675862	-9999	61.632857	0
31	3	1984	3.333246341	1.048387	-9999	55.537143	0
30	4	1984	0.046285356	2.316667	-9999	55.318	0
31	5	1984	2.616520413	2.187097	-9999	49.13	0
30	6	1984	0.48614432	2.986667	-9999	43.1	0
31	7	1984	2.305617022	3.051613	-9999	42.157143	0
31	8	1984	0.726563146	2.612903	-9999	39.806667	0
30	9	1984	3.162484939	1.81	-9999	37.634286	0
31	10	1984	4.368230482	1.022581	-9999	37.855714	0
30	11	1984	3.850186353	0.66	-9999	51.082857	0
31	12	1984	3.816766938	0.280645	-9999	64.01	0
31	1	1985	2.701451766	0.380645	-9999	64.10375	0
28	2	1985	1.349232579	0.489286	-9999	62.654	0
31	3	1985	2.430872348	0.9	-9999	54.996429	0
30	4	1985	1.56729141	2.076667	-9999	58.535	0
31	5	1985	1.51651715	2.474194	-9999	47.755714	0
30	6	1985	2.302444406	2.666667	-9999	45.17	0
31	7	1985	2.289616637	3.158065	-9999	42.825714	0
31	8	1985	4.680450147	2.706452	-9999	44.425714	0
30	9	1985	0.871188202	1.653333	-9999	45.195	0
31	10	1985	0.835092278	1.132258	-9999	43.7	0
30	11	1985	2.126352815	0.596667	-9999	41.477143	0
31	12	1985	3.285250524	0.467742	-9999	46.89	0
31	1	1986	5.096696456	0.583871	-9999	65.51	0
28	2	1986	0.283882529	0.528571	-9999	59.545	0
31	3	1986	2.852762179	1.045161	-9999	51.87125	0
30	4	1986	2.369506137	1.713333	-9999	55.585	0
31	5	1986	2.574689607	2.567742	-9999	53.3	0
30	6	1986	0.965391209	3.16	-9999	48.322857	0
31	7	1986	1.302807041	2.854839	-9999	45.27	0
31	8	1986	3.354219368	2.548387	-9999	42.33	0
30	9	1986	1.270258794	1.55	-9999	39.64	0
31	10	1986	3.407245346	1.13871	-9999	38.582857	0
30	11	1986	5.071122694	0.676667	-9999	61.585	0
31	12	1986	4.20486945	0.541935	-9999	64.5	0
31	1	1987	0.511672214	0.332258	-9999	59.675714	0
28	2	1987	1.645444956	0.532143	-9999	52.428571	0
31	3	1987	3.606277969	1.087097	-9999	62.56	0
30	4	1987	2.555428447	1.876667	-9999	64.68	0
31	5	1987	1.077133597	2.829032	-9999	52.958571	0
30	6	1987	2.68149634	2.46	-9999	46.074286	0
31	7	1987	2.383637318	2.980645	-9999	43.138571	0
31	8	1987	1.214543247	2.467742	-9999	40.507143	0
30	9	1987	1.440702208	1.866667	-9999	38.7	0
31	10	1987	7.186640184	1.196774	-9999	50.081429	0
30	11	1987	2.985612575	0.546667	-9999	59.088571	0
31	12	1987	1.468831267	0.409677	-9999	52.62	0
31	1	1988	6.092464441	0.519355	-9999	72.424	0
29	2	1988	1.71702247	0.851724	-9999	69.267143	0
31	3	1988	3.024220377	1.270968	-9999	57.51	0
30	4	1988	2.245783782	1.713333	-9999	54.304286	0
31	5	1988	1.068300377	2.851613	-9999	50.214286	0
30	6	1988	0.883612013	2.403333	-9999	44.83	0
31	7	1988	3.107715559	2.706452	-9999	43.362857	0
31	8	1988	1.628325154	2.609677	-9999	41.078571	0
30	9	1988	1.719711453	1.826667	-9999	39.302857	0
31	10	1988	3.201631429	1.058065	-9999	38.415714	0
30	11	1988	1.081781273	0.446667	-9999	39.748571	0
31	12	1988	0.776660315	0.370968	-9999	39.27	0
31	1	1989	1.254071433	0.409677	-9999	39.035714	0
28	2	1989	3.160482184	0.696429	-9999	43.421429	0
31	3	1989	2.407041317	1.3	-9999	56.126667	0
30	4	1989	2.239939138	1.826667	-9999	51.943333	0
31	5	1989	0.139537456	3.709677	-9999	47.274286	0
30	6	1989	0.809837076	3.683333	-9999	42.654286	0
31	7	1989	1.109256763	3.870968	-9999	39.015714	0
31	8	1989	0.692370904	3.358065	-9999	38.17	0
30	9	1989	1.362778642	2.033333	-9999	36.684286	0
31	10	1989	2.903852149	1.490323	-9999	35.37	0
30	11	1989	1.865738999	0.57	-9999	34.102857	0
31	12	1989	5.363583552	0.477419	-9999	37.892	0
31	1	1990	4.218772229	0.522581	-9999	50.894286	0
28	2	1990	5.693376185	1.032143	-9999	71.075714	0
31	3	1990	0.14026136	1.458065	-9999	58.983333	0
30	4	1990	1.512630372	2.456667	-9999	50.445714	0
31	5	1990	0.25390345	3.341935	-9999	43.121667	0
30	6	1990	2.655628026	2.67	-9999	41.998571	0
31	7	1990	0.513956708	3.706452	-9999	37.68	0
31	8	1990	1.028279282	3.487097	-9999	37.575714	0
30	9	1990	1.654244574	2.256667	-9999	36.115714	0
31	10	1990	3.590027621	1.406452	-9999	34.718571	0
30	11	1990	1.782440927	0.683333	-9999	33.905714	0
31	12	1990	2.145717575	0.529032	-9999	33.984	0
31	1	1991	3.316911044	0.574194	-9999	43.155714	0
28	2	1991	1.737450249	0.460714	-9999	43.472857	0
31	3	1991	3.107624361	1.180645	-9999	59.714286	0
30	4	1991	1.812444983	2.043333	-9999	52.37	0
31	5	1991	0.429784778	2.477419	-9999	46.35	0
30	6	1991	5.760235146	2.563333	-9999	44.767143	0
31	7	1991	3.156372941	3.119355	-9999	44.97	0
31	8	1991	0.52758624	2.909677	-9999	43.796	0
30	9	1991	1.82824489	2.043333	-9999	41.91	0
31	10	1991	2.249728294	1.112903	-9999	40.04	0
30	11	1991	2.19400078	0.76	-9999	39.65	0
31	12	1991	0.806720482	0.458065	-9999	40.292	0
31	1	1992	0.530826445	0.396774	-9999	40.296667	0
29	2	1992	1.434748664	0.613793	-9999	39.981852	0
31	3	1992	1.789086902	1.377419	-9999	40.380909	0
30	4	1992	3.640723712	2.093333	-9999	42.182857	0
31	5	1992	1.109883857	3.348387	-9999	45.825714	0
30	6	1992	0.681316474	2.796667	-9999	42.82	0
31	7	1992	3.205671491	2.645161	-9999	41.218421	0
31	8	1992	3.539980991	2.606452	-9999	38.673333	0
30	9	1992	2.427705855	1.7	-9999	37.895294	0
31	10	1992	2.440096531	1.129032	-9999	38.135	0
30	11	1992	5.054389783	0.666667	-9999	53.021667	0
31	12	1992	2.732857167	0.348387	-9999	64.481429	0
31	1	1993	3.709311556	0.525806	-9999	67.6896	0
28	2	1993	0.229867798	0.528571	-9999	58.95125	0
31	3	1993	1.178999605	1.074194	-9999	50.352857	0
30	4	1993	3.103311339	1.83	-9999	48.8475	0
31	5	1993	1.669899063	3.045161	-9999	47.6925	0
30	6	1993	1.90847396	3	-9999	44.96	0
31	7	1993	2.518546392	3.170968	-9999	42.324615	0
31	8	1993	1.134944676	2.712903	-9999	40.275	0
30	9	1993	5.624949445	1.753333	-9999	38.705714	0
31	10	1993	4.3538255	1.103226	-9999	54.433333	0
30	11	1993	2.311676638	0.556667	-9999	50.085	0
31	12	1993	6.404778661	0.606452	-9999	70.621111	0
31	1	1994	5.492559734	0.496774	-9999	72.588571	0
28	2	1994	2.993129152	0.5	-9999	65.56	0
31	3	1994	2.002805893	1.403226	-9999	60.325	0
30	4	1994	2.937683152	2.19	-9999	60.124444	0
31	5	1994	3.042145107	2.503226	-9999	52.22	0
30	6	1994	1.618285098	3.473333	-9999	48.677143	0
31	7	1994	0.676272294	3.416129	-9999	45.4475	0
31	8	1994	1.633585998	3.035484	-9999	42.32	0
30	9	1994	3.778068794	2.133333	-9999	40.161429	0
31	10	1994	3.504849611	1.225806	-9999	39.393333	0
30	11	1994	3.43720699	0.596667	-9999	48.559231	0
31	12	1994	4.223395522	0.635484	-9999	60.714286	0
31	1	1995	5.765336174	0.745161	-9999	74.0875	0
28	2	1995	4.555289785	0.953571	-9999	75.35	0
31	3	1995	1.972931359	1.587097	-9999	64.925862	0
30	4	1995	0.601625973	2.05	-9999	54.305714	0
31	5	1995	0.764898137	3.019355	-9999	47.47	0
30	6	1995	0.601365332	3.29	-9999	43.224074	0
31	7	1995	1.490103818	3.509677	-9999	40.376154	0
31	8	1995	0.088130068	4.180645	-9999	38.183333	0
30	9	1995	5.770253518	2.136667	-9999	36.219091	0
31	10	1995	0.958557158	1.619355	-9999	34.580968	0
30	11	1995	1.797715639	0.73	-9999	34.44	0
31	12	1995	2.931215348	0.4	-9999	34.68	0
31	1	1996	2.814845134	0.483871	-9999	43.865714	0
29	2	1996	2.913987068	0.803448	-9999	46.813846	0
31	3	1996	1.334275999	1.019355	-9999	48.468889	0
30	4	1996	0.985153243	1.843333	-9999	46.23125	0
31	5	1996	2.196301185	2.725806	-9999	44.015294	0
30	6	1996	0.642402608	3.43	-9999	41.692941	0
31	7	1996	0.751414589	3.429032	-9999	40.024286	0
31	8	1996	1.966645278	3.241935	-9999	38.078571	0
30	9	1996	1.074763955	2.24	-9999	36.371364	0
31	10	1996	1.982342606	1.606452	-9999	35.021304	0
30	11	1996	5.523656794	0.926667	-9999	35.975	0
31	12	1996	0.950305116	0.616129	-9999	40.06	0
31	1	1997	0.687114043	0.348387	-9999	41.2275	0
28	2	1997	4.176363763	0.935714	-9999	50.59	0
31	3	1997	0.611424053	1.341935	-9999	51.5525	0
30	4	1997	0.352576631	2.39	-9999	47.332941	0
31	5	1997	1.771254125	3.4	-9999	43.6725	0
30	6	1997	4.503971329	3.046667	-9999	41.088077	0
31	7	1997	0.665743693	3.290323	-9999	39.174595	0
31	8	1997	3.247817477	2.9	-9999	37.734516	0
30	9	1997	0.382070386	2.203333	-9999	36.059	0
31	10	1997	3.307467199	1.445161	-9999	36.386	0
30	11	1997	5.880850402	0.73	-9999	42.553636	0
31	12	1997	3.981805449	0.570968	-9999	58.146667	0
31	1	1998	3.564179969	0.787097	-9999	68.303529	0
28	2	1998	0.292589843	0.725	-9999	57.128	0
31	3	1998	2.7849503	1.306452	-9999	51.68	0
30	4	1998	3.535156015	1.92	-9999	54.713333	0
31	5	1998	0.581898467	3.36129	-9999	52.574	0
30	6	1998	3.673486608	2.88	-9999	46.165714	0
31	7	1998	1.891977556	2.916129	-9999	43.551429	0
31	8	1998	0.541620195	3.296774	-9999	41.206471	0
30	9	1998	3.769287994	2.146667	-9999	39.53	0
31	10	1998	5.127887119	1.474194	-9999	40.97	0
30	11	1998	2.139708139	0.746667	-9999	52.36	0
31	12	1998	3.817593955	0.46129	-9999	61.001176	0
31	1	1999	3.954736441	0.667742	-9999	72.558333	0
28	2	1999	1.36824731	0.785714	-9999	60.728421	0
31	3	1999	1.289792752	1.158065	-9999	52.874828	0
30	4	1999	1.672964991	2.053333	-9999	48.326	0
31	5	1999	0.696805652	2.658065	-9999	45.131087	0
30	6	1999	3.01341417	3.156667	-9999	43.04069	0
31	7	1999	0.127319802	3.551613	-9999	40.636471	0
31	8	1999	3.856340928	2.722581	-9999	38.74	0
30	9	1999	5.955445926	2.313333	-9999	38.06	0
31	10	1999	2.308628316	1.390323	-9999	41.672353	0
30	11	1999	1.15213244	0.803333	-9999	49.493333	0
31	12	1999	5.468724476	0.664516	-9999	61.348	0
31	1	2000	1.061525356	0.358065	-9999	59.2925	0
29	2	2000	2.696289876	0.848276	-9999	54.943333	0
31	3	2000	0.688882283	1.274194	-9999	53.0175	0
30	4	2000	4.278741597	1.79	-9999	55.50875	0
31	5	2000	3.256817636	2.63871	-9999	53.938571	0
30	6	2000	0.793082726	2.653333	-9999	51.407143	0
31	7	2000	1.48444569	2.609677	-9999	46.15	0
31	8	2000	1.498744719	2.919355	-9999	42.962857	0
30	9	2000	6.340063645	1.933333	-9999	41.52	0
31	10	2000	7.632704816	1.33871	-9999	72.145	0
30	11	2000	7.636600488	0.663333	-9999	75.866	0
31	12	2000	5.331041235	0.451613	-9999	73.307273	0
31	1	2001	4.252428597	0.416129	-9999	71.14	0
28	2	2001	3.195858368	0.596429	-9999	70.658571	0
31	3	2001	5.204266185	0.922581	-9999	72.215	0
30	4	2001	2.306572924	1.9	-9999	65.56	0
31	5	2001	0.710092674	3.022581	-9999	54.346	0
30	6	2001	0.510204029	3.29	-9999	47.7	0
31	7	2001	2.107549534	3.196774	-9999	43.39	0
31	8	2001	2.922100231	2.777419	-9999	40.496667	0
30	9	2001	2.683569468	2.12	-9999	38.55	0
31	10	2001	5.34785576	1.367742	-9999	40.97	0
30	11	2001	1.4249539	0.526667	-9999	43.27	0
31	12	2001	1.016796571	0.422581	-9999	45.863333	0
31	1	2002	3.19124154	0.454839	-9999	52.293333	0
28	2	2002	4.465039823	1.017857	-9999	63.963333	0
31	3	2002	2.037641534	1.129032	-9999	59.7	0
30	4	2002	1.174412651	2.336667	-9999	52.65	0
31	5	2002	2.918207694	2.845161	-9999	46.545833	0
30	6	2002	2.233407334	2.64	-9999	45.775385	0
31	7	2002	2.755492009	2.803226	-9999	46.616471	0
31	8	2002	2.033814043	2.383871	-9999	44.65	0
30	9	2002	1.604495281	2.13	-9999	42.16	0
31	10	2002	2.987726112	0.654839	-9999	40.2	0
30	11	2002	7.839435362	0.793333	-9999	66.22	0
31	12	2002	4.816263034	0.416129	-9999	72.61	0
31	1	2003	3.324927483	0.470968	-9999	72.74	0
28	2	2003	1.315583418	0.614286	-9999	62.51	0
31	3	2003	0.891221187	1.403226	-9999	54.05	0
30	4	2003	1.289765504	2.41	-9999	48.64	0
31	5	2003	1.088034994	2.66129	-9999	44.57	0
30	6	2003	1.293037704	2.986667	-9999	41.71	0
31	7	2003	2.453369551	3.306452	-9999	39.32	0
31	8	2003	0.92397193	3.325806	-9999	37.58	0
30	9	2003	0.338234534	1.853333	-9999	36.09	0
31	10	2003	2.615971232	1.470968	-9999	34.92	0
30	11	2003	5.438105089	0.676667	-9999	34.24	0
31	12	2003	3.501144398	0.493548	-9999	41.84	0
31	1	2004	3.670538226	0.609677	-9999	59.62	0
29	2	2004	0.882980826	0.737931	-9999	58.55	0
31	3	2004	1.611855151	1.151613	-9999	50.16	0
30	4	2004	3.514006138	1.843333	-9999	47.23	0
31	5	2004	1.411172248	2.564516	-9999	51.64	0
30	6	2004	0.969624433	3.36	-9999	46.58	0
31	7	2004	1.480833179	2.916129	-9999	42.56	0
31	8	2004	4.439045202	2.983871	-9999	39.88	0
30	9	2004	1.377300728	2.416667	-9999	37.89	0
31	10	2004	5.310543403	1.429032	-9999	37.61	0
30	11	2004	1.34755599	0.426667	-9999	40.12	0
31	12	2004	2.512738651	0.245161	-9999	41.75	0
31	1	2005	1.746857652	0.4	-9999	47.72	0
28	2	2005	0.687165365	0.503571	-9999	46.67	0
31	3	2005	1.655564187	0.832258	-9999	44.3	0
30	4	2005	1.830033088	1.763333	-9999	42.26	0
31	5	2005	1.115262778	2.674194	-9999	40.68	0
30	6	2005	1.409560033	2.906667	-9999	39.35	0
31	7	2005	2.986281573	2.916129	-9999	37.79	0
31	8	2005	2.150687922	2.887097	-9999	36.32	0
30	9	2005	1.665627382	2.08	-9999	34.98	0
31	10	2005	4.880594694	1.222581	-9999	34.58	0
30	11	2005	2.636217792	0.55	-9999	44.34	0
31	12	2005	3.005636485	0.248387	-9999	48.81	0
